	Oui/balles/plomb	Oui/lamelles/plomb	Oui/balle/plomb	Oui/noyaux/plomb	Oui/cartouches/plomb	Oui/billes/plomb	Oui/boulet/plomb	Oui/bille/plomb	Oui/plaque/plomb	Oui/coupole/plomb	Non/soleil/plomb	Oui/urne/plomb	Oui/tablette/plomb	Oui/tuyau/plomb	Oui/cercueil/plomb	Oui/cage/plomb	Oui/gants/plomb	Oui/masse/plomb	Oui/lingot/plomb	Oui/morceau/plomb	Oui/armatures/plomb	Non/silence/plomb	Oui/cheval/grand	Oui/appartement/grand	Oui/lit/grand	Oui/seau/grand	Oui/tableau/grand	Oui/table/grande	Oui/parking/grand	Oui/librairie/grande	Oui/bureau/grand	Oui/miroir/grand	Non/vent/grand	Oui/manteaux/grands	Oui/surface/grande	Oui/mur/grand	Oui/maison/grande	Oui/femme/grande	Oui/parc/grand	Oui/poignard/grand	Oui/chêne/grand	Oui/tentes/grandes	Oui/sacs/grands	Non/ami/grand	Oui/fossé/profond	Oui/galeries/profondes	Oui/gorges/profondes	Oui/puits/profond	Oui/fosse/profonde	Oui/grotte/profonde	Oui/faille/profonde	Oui/caverne/profonde	Oui/forêt/profonde	Oui/cavité/profonde	Non/dégoût/profond	Oui/lac/profond	Oui/tranchées/profondes	Oui/canyons/profonds	Oui/crique/profonde	Oui/sous-sol/profond	Oui/trous/profonds	Oui/remous/profond	Oui/sillon/profond	Oui/douve/profonde	Oui/puisard/profond	Non/sommeil/profond	Oui/lunettes/grosses	Oui/boutons/gros	Oui/chevalière/grosse	Oui/piquets/gros	Oui/objet/gros	Oui/vaisseau/gros	Oui/poche/grosse	Oui/bacs/gros	Oui/flocons/gros	Oui/cloches/grosses	Non/chagrin/gros	Oui/troupeau/éléphants	Oui/groupe/éléphants	Oui/bouse/éléphant	Oui/pattes/éléphants	Oui/défenses/éléphant	Oui/trompe/éléphant	Oui/crânes/éléphant	Oui/peau/éléphant	Oui/dents/éléphant	Oui/tête/éléphant	Non/mémoire/éléphant	Oui/équipement/lourd	Oui/plateau/lourd	Oui/cartable/lourd	Oui/manteau/lourd	Oui/ouvrage/lourd	Oui/bouclier/lourd	Oui/portail/lourd	Oui/revolver/lourd	Oui/crâne/lourd	Oui/sac/lourd	Non/bilan/lourd	Oui/doigts/longs	Oui/mèches/longues	Oui/chaussette/longue	Oui/bras/long	Oui/tables/longues	Oui/guibolles/longues	Oui/moustaches/longues	Oui/siège/long	Oui/mur/long	Oui/queue/longue	Non/lettres/longues
Oui/balles/plomb	1.0	0.6708911657333374	0.8342899680137634	0.7981356382369995	0.8479834794998169	0.8752736449241638	0.6739923357963562	0.8285509943962097	0.8296488523483276	0.8102598190307617	0.5952141284942627	0.8139882683753967	0.8473865389823914	0.7875944972038269	0.7268180847167969	0.7822980880737305	0.81834876537323	0.8615020513534546	0.7994496822357178	0.8491873145103455	0.7367701530456543	0.6874779462814331	0.273183137178421	0.22608345746994019	0.24396079778671265	0.3030768930912018	0.2992333471775055	0.23313495516777039	0.28022152185440063	0.2744898498058319	0.275267094373703	0.2736654281616211	0.21764235198497772	0.1325358897447586	0.26634010672569275	0.3262071907520294	0.2394343912601471	0.23497141897678375	0.21071505546569824	0.2962392568588257	0.2584095597267151	0.08521898835897446	0.08808892965316772	0.20086759328842163	0.2718995213508606	0.16401460766792297	0.024816015735268593	0.3266451358795166	0.20455558598041534	0.2725297808647156	0.2926652133464813	0.23984688520431519	0.2728351652622223	0.30305150151252747	0.18387934565544128	0.2060469537973404	0.14007367193698883	0.057671256363391876	0.28233087062835693	0.3269951045513153	0.11935430765151978	0.3146490454673767	0.2893223464488983	0.19662487506866455	0.2829277515411377	0.32085928320884705	0.08367279171943665	0.18497173488140106	0.23929448425769806	0.1367834210395813	0.26006025075912476	0.24811765551567078	0.215060293674469	0.1077921986579895	0.1326199620962143	0.07273844629526138	0.223062664270401	-0.07201309502124786	-0.020192328840494156	0.2264806181192398	-0.12796269357204437	0.1017693504691124	0.24097710847854614	0.22522220015525818	0.21708646416664124	0.17652972042560577	0.20278924703598022	0.18234315514564514	0.2936418950557709	0.33124446868896484	0.34403151273727417	0.2936233580112457	0.26892149448394775	0.36892199516296387	0.29778963327407837	0.37196072936058044	0.32028108835220337	0.2432737946510315	0.2531510889530182	0.06446544080972672	0.12787498533725739	0.28012049198150635	0.227134570479393	0.022707318887114525	0.04492368921637535	-0.0068355402909219265	0.29625874757766724	0.1967426985502243	0.1934615820646286	0.11840416491031647	
Oui/lamelles/plomb	0.6708911657333374	1.0	0.6042101383209229	0.7063688635826111	0.6227729916572571	0.627740740776062	0.5139073729515076	0.5929791331291199	0.6642367839813232	0.657384991645813	0.46873584389686584	0.5737894773483276	0.6653486490249634	0.5811800360679626	0.613563597202301	0.599621057510376	0.6592879891395569	0.6336334347724915	0.529191255569458	0.6549738049507141	0.615031361579895	0.5826985836029053	0.21800386905670166	0.14870843291282654	0.18823297321796417	0.20706968009471893	0.22318710386753082	0.11897364258766174	0.22343870997428894	0.13868844509124756	0.20867078006267548	0.19604776799678802	0.20083509385585785	0.2747732996940613	0.13803210854530334	0.2408776432275772	0.26426851749420166	0.1650564819574356	0.23818492889404297	0.252623587846756	0.20539402961730957	0.2398136556148529	0.29215049743652344	0.2044413536787033	0.1355687379837036	0.29859036207199097	0.1251874715089798	0.1429591178894043	0.049971286207437515	0.1444043070077896	0.06647755950689316	0.019032839685678482	0.10263890773057938	0.10101526230573654	0.0634458065032959	0.06655135750770569	0.2615501284599304	0.22239996492862701	0.12529870867729187	0.1862330138683319	0.23145809769630432	0.19809773564338684	0.15638171136379242	0.02122689224779606	0.14180515706539154	0.17613668739795685	0.23693013191223145	0.29337623715400696	0.22107510268688202	0.35368186235427856	0.2183365523815155	0.1907128095626831	0.21293790638446808	0.3453105688095093	0.25308647751808167	0.24267999827861786	0.20276311039924622	0.0591946579515934	0.09398204833269119	0.035888753831386566	-0.05832633748650551	0.046897564083337784	0.06164684146642685	0.09393853694200516	0.05856701731681824	0.026656612753868103	0.05699627846479416	0.027123797684907913	0.2384411096572876	0.18340706825256348	0.313493549823761	0.18033821880817413	0.21014663577079773	0.26258525252342224	0.2142806053161621	0.18486836552619934	0.16203130781650543	0.15491993725299835	0.0650402382016182	0.21776582300662994	0.24592472612857819	0.18926875293254852	0.2446150928735733	0.271354615688324	0.27736222743988037	0.24705952405929565	0.21397142112255096	0.19057469069957733	0.19134055078029633	0.28853142261505127	
Oui/balle/plomb	0.8342899680137634	0.6042101383209229	1.0	0.781594455242157	0.8414714336395264	0.8511334657669067	0.7314782738685608	0.8697782754898071	0.8665884733200073	0.8397729396820068	0.6844099164009094	0.8362714648246765	0.8667711019515991	0.8401095867156982	0.7574920654296875	0.7865283489227295	0.8219848871231079	0.8916255235671997	0.806625247001648	0.8550354838371277	0.6547929048538208	0.7447618842124939	0.38212382793426514	0.3299536108970642	0.36212509870529175	0.3760548532009125	0.38085442781448364	0.32071927189826965	0.3928665816783905	0.34715235233306885	0.3877246677875519	0.3557608127593994	0.33351558446884155	0.1073165237903595	0.3014640510082245	0.3796619772911072	0.2989899218082428	0.30464041233062744	0.32647180557250977	0.41930878162384033	0.38144853711128235	0.0380069799721241	0.07025088369846344	0.3030899465084076	0.3733755350112915	0.13289301097393036	-0.05273167043924332	0.413108229637146	0.27054208517074585	0.36356237530708313	0.3573680818080902	0.29302701354026794	0.3456774353981018	0.34795844554901123	0.2745811641216278	0.32841190695762634	0.11141382902860641	-0.001137824496254325	0.3306245505809784	0.4346238672733307	0.06590846925973892	0.3926151692867279	0.38284197449684143	0.24678587913513184	0.3626094162464142	0.4554706811904907	0.06668566167354584	0.2033156007528305	0.2693873345851898	0.10681090503931046	0.350077748298645	0.36162376403808594	0.27400723099708557	0.10598365217447281	0.12410364300012589	0.0035399715416133404	0.3264279067516327	-0.1259932667016983	-0.1008572205901146	0.25541117787361145	-0.15369342267513275	0.13072426617145538	0.29408103227615356	0.2979716956615448	0.2807312607765198	0.20996780693531036	0.2761814594268799	0.27225053310394287	0.2895902693271637	0.3699776232242584	0.35783568024635315	0.30489975214004517	0.29933789372444153	0.3997046947479248	0.30152270197868347	0.39154163002967834	0.3733356297016144	0.27173829078674316	0.32340100407600403	0.03283720463514328	0.12740954756736755	0.36118751764297485	0.32822147011756897	-0.0479317232966423	0.006667237263172865	0.0036064661107957363	0.39495232701301575	0.2971450686454773	0.25904667377471924	0.10787398368120193	
Oui/noyaux/plomb	0.7981356382369995	0.7063688635826111	0.781594455242157	1.0	0.7988350987434387	0.8238377571105957	0.6987318396568298	0.8044263124465942	0.8203630447387695	0.8669288754463196	0.6421921849250793	0.852044403553009	0.8131185173988342	0.7935845851898193	0.7739813923835754	0.7791584730148315	0.8254839181900024	0.8541829586029053	0.7492353916168213	0.8274868726730347	0.7723534107208252	0.7601286768913269	0.3027976155281067	0.2336854487657547	0.2767900824546814	0.274606853723526	0.33245956897735596	0.22496715188026428	0.29105204343795776	0.2507351040840149	0.3026566505432129	0.3089853823184967	0.29460397362709045	0.1829444020986557	0.19777047634124756	0.3459140658378601	0.2651456892490387	0.19125060737133026	0.2763080596923828	0.3217197358608246	0.30361491441726685	0.0891740620136261	0.17301899194717407	0.18108780682086945	0.22623811662197113	0.1547003984451294	-0.0077035920694470406	0.29354462027549744	0.12189944088459015	0.2607056498527527	0.22681407630443573	0.185695081949234	0.23085694015026093	0.23162153363227844	0.15262936055660248	0.19766627252101898	0.1654486060142517	0.11566784977912903	0.27592945098876953	0.3005121350288391	0.15686823427677155	0.31876900792121887	0.24744176864624023	0.13785971701145172	0.2470114380121231	0.28866851329803467	0.10893683135509491	0.2751622200012207	0.27105510234832764	0.217100590467453	0.2914925217628479	0.2991947531700134	0.22378507256507874	0.19530163705348969	0.185047909617424	0.07628405839204788	0.2731488347053528	-0.03137731924653053	-0.011015776544809341	0.19846414029598236	-0.1220167949795723	0.1131770983338356	0.21491263806819916	0.2557685673236847	0.1972172111272812	0.15900936722755432	0.20679982006549835	0.18783263862133026	0.25174176692962646	0.315658837556839	0.40037479996681213	0.2544481158256531	0.2402334064245224	0.3563484847545624	0.30077221989631653	0.33444052934646606	0.2673744857311249	0.23957091569900513	0.2367466241121292	0.10429181158542633	0.17210733890533447	0.2836812734603882	0.2542438507080078	0.05993950739502907	0.1026914194226265	0.04506417363882065	0.3028193712234497	0.2336881309747696	0.23245763778686523	0.13955990970134735	
Oui/cartouches/plomb	0.8479834794998169	0.6227729916572571	0.8414714336395264	0.7988350987434387	1.0	0.8590673804283142	0.6319385170936584	0.8077676296234131	0.8046806454658508	0.7913561463356018	0.669196367263794	0.8150160908699036	0.7847060561180115	0.8151347637176514	0.7124971747398376	0.7016261219978333	0.8052574992179871	0.8178936243057251	0.793908417224884	0.7977489829063416	0.7153989672660828	0.7319504618644714	0.32549920678138733	0.29539763927459717	0.29454925656318665	0.3579636216163635	0.35607174038887024	0.2835221588611603	0.3558892607688904	0.3078601658344269	0.3375430703163147	0.32181796431541443	0.2980853021144867	0.17396126687526703	0.298787921667099	0.3626519441604614	0.2715461254119873	0.25796273350715637	0.28618478775024414	0.3465464115142822	0.32414111495018005	0.15066087245941162	0.14218203723430634	0.25398850440979004	0.3269641697406769	0.21074755489826202	0.07394963502883911	0.35151201486587524	0.26737913489341736	0.2745985686779022	0.27991169691085815	0.2664124071598053	0.2759082317352295	0.3567512035369873	0.24378882348537445	0.3073091506958008	0.20764924585819244	0.08575207740068436	0.27839192748069763	0.3600977659225464	0.1591881960630417	0.37758728861808777	0.3648993968963623	0.24415406584739685	0.3456883132457733	0.3851226270198822	0.11127719283103943	0.17950861155986786	0.21305891871452332	0.1425551325082779	0.250387579202652	0.26667138934135437	0.22004760801792145	0.12052115797996521	0.14921128749847412	0.06109927222132683	0.25858795642852783	-0.0566057525575161	-0.013713969849050045	0.22211101651191711	-0.10102671384811401	0.13035057485103607	0.22026307880878448	0.2759912312030792	0.20222210884094238	0.18247975409030914	0.22097094357013702	0.1981048285961151	0.26652422547340393	0.31808289885520935	0.3171220123767853	0.30931907892227173	0.26506438851356506	0.3709629476070404	0.27951475977897644	0.3705299198627472	0.3152293264865875	0.27082642912864685	0.3501315116882324	0.08130471408367157	0.1766001582145691	0.30816954374313354	0.24897168576717377	0.033331044018268585	0.08271531760692596	0.03735588118433952	0.34530749917030334	0.25075897574424744	0.23008358478546143	0.14735524356365204	
Oui/billes/plomb	0.8752736449241638	0.627740740776062	0.8511334657669067	0.8238377571105957	0.8590673804283142	1.0	0.7234711647033691	0.9014216065406799	0.8424738049507141	0.8567771315574646	0.6640549898147583	0.8864544034004211	0.8490850329399109	0.8703951835632324	0.746767520904541	0.7753550410270691	0.8677737712860107	0.8939565420150757	0.8908660411834717	0.8480189442634583	0.7486087679862976	0.7069437503814697	0.3374530076980591	0.32362455129623413	0.32798096537590027	0.35386034846305847	0.3593129813671112	0.32512521743774414	0.34404486417770386	0.3298763334751129	0.3562496602535248	0.3363144099712372	0.3005371689796448	0.10571365803480148	0.29010578989982605	0.37500953674316406	0.2626608610153198	0.2559252977371216	0.30111682415008545	0.3684115409851074	0.349038690328598	0.03641124069690704	0.06417229771614075	0.2669637203216553	0.3547250032424927	0.11843916028738022	-0.03857159987092018	0.41452571749687195	0.2489219605922699	0.3203205168247223	0.34507304430007935	0.28839969635009766	0.3362879157066345	0.33488479256629944	0.25585851073265076	0.2790675759315491	0.1148214191198349	0.048318516463041306	0.32868871092796326	0.42575502395629883	0.09882062673568726	0.3737393915653229	0.3667725622653961	0.2392851859331131	0.3387455642223358	0.4132448434829712	0.07681962102651596	0.1861659586429596	0.2685200572013855	0.11784429848194122	0.35598695278167725	0.3672918975353241	0.2478114813566208	0.11562153697013855	0.14148858189582825	0.026683608070015907	0.3221525251865387	-0.1097763329744339	-0.07798679172992706	0.2613565921783447	-0.1558637022972107	0.10506848245859146	0.2702602446079254	0.2967328131198883	0.24278812110424042	0.2018948346376419	0.2760189473628998	0.26514264941215515	0.30445343255996704	0.37344396114349365	0.37645620107650757	0.31713050603866577	0.310103178024292	0.41215768456459045	0.3268851041793823	0.4362262487411499	0.36409521102905273	0.2820030152797699	0.33526596426963806	0.049120157957077026	0.12013129144906998	0.360321044921875	0.29058778285980225	-0.016443470492959023	0.0055404105223715305	-0.02062842808663845	0.3735318183898926	0.28044965863227844	0.23461748659610748	0.11423192173242569	
Oui/boulet/plomb	0.6739923357963562	0.5139073729515076	0.7314782738685608	0.6987318396568298	0.6319385170936584	0.7234711647033691	1.0	0.7324188351631165	0.6971099972724915	0.7115349173545837	0.6131501197814941	0.7067425847053528	0.716536283493042	0.7213764190673828	0.7400286793708801	0.7300639748573303	0.6950305104255676	0.7257982492446899	0.6950622797012329	0.7354760766029358	0.5361433625221252	0.6629109382629395	0.3770693838596344	0.31895148754119873	0.3547254204750061	0.30551356077194214	0.36226770281791687	0.2765282988548279	0.3292982578277588	0.3015129566192627	0.3758961260318756	0.3571741580963135	0.32620954513549805	0.10999874025583267	0.23778124153614044	0.3696414828300476	0.28334909677505493	0.24888134002685547	0.3303958475589752	0.381451278924942	0.34277772903442383	0.014194381423294544	0.08907722681760788	0.26814398169517517	0.3386124074459076	0.11179528385400772	-0.0349789597094059	0.37976130843162537	0.21319924294948578	0.3262091279029846	0.30594950914382935	0.2330814003944397	0.30855533480644226	0.2690112888813019	0.22438372671604156	0.30578795075416565	0.10424225777387619	0.05124710500240326	0.26139187812805176	0.38491910696029663	0.13308760523796082	0.35151970386505127	0.34300562739372253	0.19948774576187134	0.31666645407676697	0.39758044481277466	0.12448973208665848	0.2555585205554962	0.31147709488868713	0.14284519851207733	0.3530311584472656	0.4155970811843872	0.31000661849975586	0.13657008111476898	0.14181660115718842	0.05246609076857567	0.33729884028434753	-0.07246074080467224	-0.10669703781604767	0.2174643874168396	-0.14557413756847382	0.13386811316013336	0.287258505821228	0.25052234530448914	0.280685693025589	0.17497903108596802	0.2686764597892761	0.23244093358516693	0.30314478278160095	0.37267690896987915	0.388310045003891	0.28971219062805176	0.288114994764328	0.411810964345932	0.3335423171520233	0.3962338864803314	0.3745940029621124	0.30203497409820557	0.3287988603115082	0.07360587269067764	0.1878698319196701	0.3599150776863098	0.32375600934028625	0.006171735469251871	0.0762278288602829	0.049741458147764206	0.39571118354797363	0.3081483840942383	0.2926309406757355	0.1252521425485611	
Oui/bille/plomb	0.8285509943962097	0.5929791331291199	0.8697782754898071	0.8044263124465942	0.8077676296234131	0.9014216065406799	0.7324188351631165	1.0	0.844075083732605	0.8672588467597961	0.7214904427528381	0.8965924382209778	0.8786365985870361	0.8760575652122498	0.7354480624198914	0.784368634223938	0.8570907115936279	0.9301096200942993	0.8931592702865601	0.8628382086753845	0.7005834579467773	0.7037503123283386	0.35436317324638367	0.35110291838645935	0.3439449369907379	0.3650181293487549	0.36872774362564087	0.34616971015930176	0.3965795636177063	0.3463082015514374	0.3751325011253357	0.3423830270767212	0.3005823493003845	0.056157857179641724	0.27891847491264343	0.3811182379722595	0.2633201777935028	0.28112268447875977	0.3226179778575897	0.42269957065582275	0.3545055687427521	0.006431978195905685	0.030023908242583275	0.303384393453598	0.36498144268989563	0.10989677906036377	-0.07192874699831009	0.4367351830005646	0.28148260712623596	0.37269505858421326	0.3589424192905426	0.2993117570877075	0.3459063768386841	0.33655697107315063	0.2791835367679596	0.33661600947380066	0.07860786467790604	-0.024090979248285294	0.34545189142227173	0.4433664083480835	0.020459754392504692	0.3728789985179901	0.37477603554725647	0.28536927700042725	0.3842316269874573	0.43836039304733276	0.047308702021837234	0.17410914599895477	0.2811422348022461	0.06905553489923477	0.3346472382545471	0.3833356499671936	0.2709178626537323	0.0687103420495987	0.0921354740858078	-0.02365683577954769	0.3218806982040405	-0.1411205530166626	-0.15207280218601227	0.25077521800994873	-0.13587051630020142	0.095718152821064	0.27420368790626526	0.28767985105514526	0.27164989709854126	0.2136499285697937	0.3011515140533447	0.3084279000759125	0.28737401962280273	0.3932253420352936	0.34069570899009705	0.31405213475227356	0.31846368312835693	0.4050891101360321	0.30739057064056396	0.40397241711616516	0.36890310049057007	0.3008296489715576	0.3659767806529999	-0.006339334417134523	0.10155429691076279	0.3582781255245209	0.31842726469039917	-0.04140058532357216	-0.03601837530732155	-0.009003765881061554	0.40379971265792847	0.3056783676147461	0.21268141269683838	0.08145807683467865	
Oui/plaque/plomb	0.8296488523483276	0.6642367839813232	0.8665884733200073	0.8203630447387695	0.8046806454658508	0.8424738049507141	0.6971099972724915	0.844075083732605	1.0	0.8647091388702393	0.6736747026443481	0.8370251655578613	0.8873324990272522	0.8301446437835693	0.7799425721168518	0.8304566144943237	0.8381221890449524	0.8676126003265381	0.7721590399742126	0.8619561791419983	0.6991348266601562	0.7739624381065369	0.34768983721733093	0.30760595202445984	0.3195090591907501	0.3305208683013916	0.36143380403518677	0.2992832660675049	0.37010136246681213	0.3179330825805664	0.3688938021659851	0.34211260080337524	0.30908751487731934	0.12108141928911209	0.280769407749176	0.39827945828437805	0.2883191704750061	0.2610190212726593	0.30602729320526123	0.3871481716632843	0.34870004653930664	0.04309851676225662	0.11277882754802704	0.2685387432575226	0.2930852770805359	0.14643555879592896	-0.04960750415921211	0.35731241106987	0.21666701138019562	0.3306314945220947	0.3183649182319641	0.2544998824596405	0.2984265685081482	0.3017721474170685	0.22377943992614746	0.24169273674488068	0.11104313284158707	0.03204191476106644	0.3059206008911133	0.36817479133605957	0.07583051174879074	0.34846821427345276	0.32803234457969666	0.22091957926750183	0.321393221616745	0.3800649642944336	0.0846489816904068	0.24826882779598236	0.28370633721351624	0.14484067261219025	0.34194302558898926	0.3466096818447113	0.2860005795955658	0.13719964027404785	0.17550373077392578	0.0312805138528347	0.3154328465461731	-0.12891729176044464	-0.08212994039058685	0.22199085354804993	-0.18353480100631714	0.08015985786914825	0.25994208455085754	0.2392539232969284	0.24112480878829956	0.17085805535316467	0.2377626746892929	0.20888866484165192	0.2942872941493988	0.37270021438598633	0.39291009306907654	0.2927345335483551	0.28487321734428406	0.40595167875289917	0.3398505449295044	0.3710567057132721	0.32476410269737244	0.2572788894176483	0.26616430282592773	0.06302619725465775	0.13852035999298096	0.3431079387664795	0.31190505623817444	0.002408848609775305	0.022860325872898102	0.02151285856962204	0.373788446187973	0.29522934556007385	0.25888967514038086	0.14030547440052032	
Oui/coupole/plomb	0.8102598190307617	0.657384991645813	0.8397729396820068	0.8669288754463196	0.7913561463356018	0.8567771315574646	0.7115349173545837	0.8672588467597961	0.8647091388702393	1.0	0.6737348437309265	0.881023108959198	0.8602965474128723	0.8342289924621582	0.7717595100402832	0.7857965230941772	0.8199131488800049	0.8990030288696289	0.8056276440620422	0.8682266473770142	0.7266625165939331	0.7645289301872253	0.3523583710193634	0.3003488779067993	0.3397972285747528	0.3229387104511261	0.36599746346473694	0.28768783807754517	0.35841891169548035	0.2876380980014801	0.3542346656322479	0.35241806507110596	0.30894502997398376	0.10530164837837219	0.23421898484230042	0.3782055675983429	0.23546390235424042	0.23185482621192932	0.31101229786872864	0.382839173078537	0.33619487285614014	0.012289628386497498	0.07902151346206665	0.2527564465999603	0.315775066614151	0.11595236510038376	-0.08446802198886871	0.3661331832408905	0.17255379259586334	0.3129051625728607	0.29601460695266724	0.22837704420089722	0.2804800570011139	0.2705634832382202	0.2301032394170761	0.2849242687225342	0.08831602334976196	0.02255292609333992	0.3087078928947449	0.37820494174957275	0.0679866373538971	0.34181153774261475	0.3301354646682739	0.20642432570457458	0.31829166412353516	0.3845364451408386	0.07281085103750229	0.25296226143836975	0.2964129149913788	0.1421089470386505	0.3492095172405243	0.37361931800842285	0.2714640498161316	0.15829648077487946	0.16950064897537231	0.012808346189558506	0.3291424512863159	-0.14152559638023376	-0.13231734931468964	0.19278913736343384	-0.18365012109279633	0.05057000741362572	0.22353988885879517	0.24808970093727112	0.20942744612693787	0.1643749624490738	0.24866166710853577	0.2553365230560303	0.2908126711845398	0.39177405834198	0.39245736598968506	0.2896478772163391	0.29955679178237915	0.4132801592350006	0.3406388461589813	0.39831697940826416	0.3552730679512024	0.28416478633880615	0.2801467180252075	0.06600677967071533	0.1470353901386261	0.35529452562332153	0.3297477960586548	-0.019318386912345886	0.022027207538485527	0.01941932924091816	0.38952890038490295	0.3137875497341156	0.27051985263824463	0.12723906338214874	
Non/soleil/plomb	0.5952141284942627	0.46873584389686584	0.6844099164009094	0.6421921849250793	0.669196367263794	0.6640549898147583	0.6131501197814941	0.7214904427528381	0.6736747026443481	0.6737348437309265	1.0	0.7131023406982422	0.669876217842102	0.6946151256561279	0.6198729276657104	0.6273469924926758	0.6695600748062134	0.7059326171875	0.6612932085990906	0.6376025080680847	0.5132248997688293	0.7643090486526489	0.26762837171554565	0.2743165194988251	0.2515909969806671	0.26156845688819885	0.2664702832698822	0.27543315291404724	0.361165314912796	0.2763982117176056	0.29616424441337585	0.2331969141960144	0.22901631891727448	0.06964760273694992	0.210464209318161	0.2710130512714386	0.2284674048423767	0.21479681134223938	0.30773046612739563	0.30674517154693604	0.25836870074272156	0.05211137980222702	0.11714059859514236	0.22794027626514435	0.3127198815345764	0.2130139321088791	-0.02824927307665348	0.33583864569664	0.24373067915439606	0.3026633858680725	0.29604095220565796	0.2491045445203781	0.24789683520793915	0.31906649470329285	0.31256136298179626	0.26327839493751526	0.0830700471997261	0.0223641749471426	0.28722673654556274	0.356488436460495	0.08845481276512146	0.3632124364376068	0.3512585759162903	0.2827717065811157	0.3212554454803467	0.4634726643562317	0.04369942098855972	0.0955028384923935	0.1848660558462143	0.07486675679683685	0.26190274953842163	0.28807762265205383	0.20808663964271545	0.05182104930281639	0.06821969151496887	0.014064745977520943	0.26641178131103516	-0.08665277808904648	-0.15106892585754395	0.15191024541854858	-0.07324564456939697	0.052034877240657806	0.18552343547344208	0.23162198066711426	0.1963132917881012	0.08614864945411682	0.21791791915893555	0.26371708512306213	0.3093423843383789	0.34571757912635803	0.3089105188846588	0.34264200925827026	0.2978680431842804	0.40630435943603516	0.2714734375476837	0.33138418197631836	0.3227540850639343	0.30822819471359253	0.42185914516448975	0.02092224359512329	0.1040208712220192	0.2436276227235794	0.19431133568286896	-0.007130440790206194	-0.02288644388318062	0.01876136101782322	0.3168787658214569	0.22329583764076233	0.14731454849243164	0.11302421987056732	
Oui/urne/plomb	0.8139882683753967	0.5737894773483276	0.8362714648246765	0.852044403553009	0.8150160908699036	0.8864544034004211	0.7067425847053528	0.8965924382209778	0.8370251655578613	0.881023108959198	0.7131023406982422	1.0	0.8603913187980652	0.8685829639434814	0.741251528263092	0.8014262914657593	0.8280389904975891	0.912956178188324	0.8635575175285339	0.8433891534805298	0.7160413861274719	0.7918962240219116	0.34666940569877625	0.32089388370513916	0.33405882120132446	0.31625011563301086	0.3553653657436371	0.31792956590652466	0.33358627557754517	0.35043948888778687	0.3615485429763794	0.35554566979408264	0.30124443769454956	0.06279905140399933	0.2607801854610443	0.36683326959609985	0.22277536988258362	0.2501031160354614	0.28256356716156006	0.3621513843536377	0.3533842861652374	-0.022905612364411354	0.03223086893558502	0.23227590322494507	0.30467262864112854	0.06470838934183121	-0.10471408069133759	0.40103021264076233	0.2286984920501709	0.33632925152778625	0.36506322026252747	0.308906614780426	0.33541059494018555	0.33295896649360657	0.2424658089876175	0.32137200236320496	0.07161035388708115	-0.029890675097703934	0.36314329504966736	0.40429219603538513	0.02227037027478218	0.3472658097743988	0.33575356006622314	0.2726789116859436	0.33498841524124146	0.3903830945491791	0.04262406751513481	0.17375397682189941	0.2756670415401459	0.0514397919178009	0.3469720482826233	0.3497684895992279	0.23833030462265015	0.0516577810049057	0.09635646641254425	-0.05226995050907135	0.3057304322719574	-0.12778261303901672	-0.13237999379634857	0.27631622552871704	-0.13998347520828247	0.0916644036769867	0.2951495349407196	0.3382345736026764	0.2706663906574249	0.2322845309972763	0.31693679094314575	0.362042099237442	0.26028716564178467	0.4121948182582855	0.385590523481369	0.30010679364204407	0.2799675762653351	0.4048904776573181	0.326181024312973	0.4010509252548218	0.35120689868927	0.27291157841682434	0.30991876125335693	-0.02594650723040104	0.11021768301725388	0.37599214911460876	0.256669282913208	-0.10563220083713531	-0.05181603878736496	-0.08318605273962021	0.38227617740631104	0.261386901140213	0.24992777407169342	0.0507538840174675	
Oui/tablette/plomb	0.8473865389823914	0.6653486490249634	0.8667711019515991	0.8131185173988342	0.7847060561180115	0.8490850329399109	0.716536283493042	0.8786365985870361	0.8873324990272522	0.8602965474128723	0.669876217842102	0.8603913187980652	1.0	0.8384957313537598	0.7566125988960266	0.8156743049621582	0.860525369644165	0.9140539169311523	0.8070780038833618	0.8533329367637634	0.6663041114807129	0.7496837973594666	0.3455863296985626	0.3081359267234802	0.31218671798706055	0.34138962626457214	0.3700575828552246	0.3015117049217224	0.3630604147911072	0.3165946304798126	0.37737593054771423	0.3309679925441742	0.2847690284252167	0.13102935254573822	0.2957693934440613	0.36877328157424927	0.317580908536911	0.2825548052787781	0.2865811288356781	0.4076433479785919	0.321550190448761	0.04926077276468277	0.09930389374494553	0.2665146589279175	0.2909283936023712	0.1529078185558319	-0.06839361786842346	0.3541260063648224	0.21764685213565826	0.328419029712677	0.3185417950153351	0.24004735052585602	0.3090706467628479	0.3193538188934326	0.2155439257621765	0.24319589138031006	0.10355556756258011	0.015628021210432053	0.3114290237426758	0.3679882287979126	0.05541188269853592	0.35237839818000793	0.3170320987701416	0.21608586609363556	0.3266095817089081	0.3740701675415039	0.08437508344650269	0.23403608798980713	0.2950332462787628	0.12752984464168549	0.31110191345214844	0.3298265337944031	0.28842607140541077	0.10927093029022217	0.13205547630786896	0.022237973287701607	0.2731080949306488	-0.13545207679271698	-0.09566155821084976	0.2220836728811264	-0.19237126410007477	0.0751209631562233	0.2572895884513855	0.25084882974624634	0.23611041903495789	0.17290496826171875	0.2529292106628418	0.24393033981323242	0.25074800848960876	0.34323549270629883	0.35983261466026306	0.28008154034614563	0.28342336416244507	0.367410272359848	0.3168122172355652	0.35207146406173706	0.3073175847530365	0.24302925169467926	0.2463318109512329	0.05714447796344757	0.12764222919940948	0.34569668769836426	0.29059037566185	-0.007497540209442377	0.02586744911968708	0.02223891019821167	0.35363122820854187	0.26120710372924805	0.25727003812789917	0.12554188072681427	
Oui/tuyau/plomb	0.7875944972038269	0.5811800360679626	0.8401095867156982	0.7935845851898193	0.8151347637176514	0.8703951835632324	0.7213764190673828	0.8760575652122498	0.8301446437835693	0.8342289924621582	0.6946151256561279	0.8685829639434814	0.8384957313537598	1.0	0.7366111874580383	0.7562894225120544	0.8303501009941101	0.8766895532608032	0.8719915747642517	0.8380126953125	0.7011967301368713	0.7447077035903931	0.41905921697616577	0.4340425133705139	0.4321528375148773	0.443609356880188	0.46535852551460266	0.33168742060661316	0.4672560393810272	0.36608728766441345	0.4709653854370117	0.43402159214019775	0.41551220417022705	0.16693994402885437	0.3103223443031311	0.4733637571334839	0.3371303975582123	0.2943636178970337	0.4328676164150238	0.5087045431137085	0.4395555257797241	0.08051982522010803	0.13238199055194855	0.3631122410297394	0.4711929261684418	0.16075271368026733	0.010843022726476192	0.4871402680873871	0.29055315256118774	0.3524525463581085	0.33814674615859985	0.2621864974498749	0.3273047208786011	0.33520424365997314	0.30521249771118164	0.380998820066452	0.12715308368206024	0.08770900964736938	0.3292326331138611	0.4942221939563751	0.12417351454496384	0.48045864701271057	0.4597119092941284	0.24556156992912292	0.4435739815235138	0.5126736164093018	0.09996054321527481	0.23230011761188507	0.2886961102485657	0.18030500411987305	0.3922397792339325	0.4373385012149811	0.31328028440475464	0.15697897970676422	0.16838257014751434	0.061087608337402344	0.3975434899330139	-0.07931552827358246	-0.052720099687576294	0.24974019825458527	-0.14540594816207886	0.13416938483715057	0.2948189079761505	0.31956997513771057	0.30022892355918884	0.2178683876991272	0.32048213481903076	0.28546980023384094	0.32470273971557617	0.38349172472953796	0.395143061876297	0.34793224930763245	0.3576982915401459	0.4646685719490051	0.3511289954185486	0.4195370674133301	0.39782097935676575	0.3349567949771881	0.40315139293670654	0.10765396803617477	0.17888887226581573	0.39509689807891846	0.40776902437210083	0.04550556838512421	0.07257254421710968	0.07535342872142792	0.461870402097702	0.3952008783817291	0.30796149373054504	0.14720658957958221	
Oui/cercueil/plomb	0.7268180847167969	0.613563597202301	0.7574920654296875	0.7739813923835754	0.7124971747398376	0.746767520904541	0.7400286793708801	0.7354480624198914	0.7799425721168518	0.7717595100402832	0.6198729276657104	0.741251528263092	0.7566125988960266	0.7366111874580383	1.0	0.7259296178817749	0.707578718662262	0.7588680386543274	0.6975510716438293	0.8144537806510925	0.6726875305175781	0.7030705809593201	0.3640937805175781	0.3250250816345215	0.3800652027130127	0.3543069064617157	0.379721462726593	0.2453612983226776	0.3551481366157532	0.27505770325660706	0.3830479085445404	0.3551947772502899	0.33439022302627563	0.1652117371559143	0.2363351285457611	0.387553870677948	0.2948140501976013	0.25792795419692993	0.3424646854400635	0.39302048087120056	0.38956761360168457	0.07661731541156769	0.1573438048362732	0.23466335237026215	0.3293094336986542	0.17893916368484497	0.011483142152428627	0.39869800209999084	0.25345247983932495	0.33478039503097534	0.28095778822898865	0.2374168336391449	0.28511378169059753	0.2887679934501648	0.23144638538360596	0.2803700864315033	0.17773453891277313	0.09540970623493195	0.2799280881881714	0.39356157183647156	0.14800050854682922	0.3587965667247772	0.36219704151153564	0.20162321627140045	0.3473932445049286	0.41314324736595154	0.15497218072414398	0.25698545575141907	0.300258994102478	0.21920211613178253	0.3434131145477295	0.3722752034664154	0.31176435947418213	0.19326841831207275	0.17114724218845367	0.10325650870800018	0.3301447331905365	-0.0657791942358017	-0.03685412555932999	0.19959786534309387	-0.162295401096344	0.1356458216905594	0.26296114921569824	0.2490922212600708	0.23287585377693176	0.14786480367183685	0.21656370162963867	0.19869668781757355	0.32169246673583984	0.36646172404289246	0.4349742531776428	0.339871883392334	0.3536475598812103	0.45682045817375183	0.40974897146224976	0.41218316555023193	0.3765833079814911	0.33791837096214294	0.3065868020057678	0.12656183540821075	0.21021869778633118	0.3497849106788635	0.35174787044525146	0.07343068718910217	0.1349598467350006	0.0683937594294548	0.4195139408111572	0.3320292532444	0.29139965772628784	0.16203665733337402	
Oui/cage/plomb	0.7822980880737305	0.599621057510376	0.7865283489227295	0.7791584730148315	0.7016261219978333	0.7753550410270691	0.7300639748573303	0.784368634223938	0.8304566144943237	0.7857965230941772	0.6273469924926758	0.8014262914657593	0.8156743049621582	0.7562894225120544	0.7259296178817749	1.0	0.7700613141059875	0.8101232051849365	0.7062195539474487	0.7852903008460999	0.608890950679779	0.7488649487495422	0.31910133361816406	0.2811643183231354	0.3079703450202942	0.316485196352005	0.33800432085990906	0.2778412699699402	0.3159622550010681	0.31628429889678955	0.33050116896629333	0.3337381184101105	0.2926376760005951	0.12238384038209915	0.26751795411109924	0.3703542947769165	0.2592090666294098	0.2646227777004242	0.26466265320777893	0.3497367203235626	0.3287380039691925	0.006840616464614868	0.09455303102731705	0.228469580411911	0.24371571838855743	0.1091691181063652	-0.10209383815526962	0.3503442406654358	0.20742131769657135	0.32185664772987366	0.3345114290714264	0.22457921504974365	0.32030653953552246	0.27854886651039124	0.2095310389995575	0.20308317244052887	0.0586739182472229	0.012361754663288593	0.28397831320762634	0.33344295620918274	0.053077396005392075	0.29460495710372925	0.26421889662742615	0.20996558666229248	0.2999637722969055	0.34608542919158936	0.08746084570884705	0.2235684096813202	0.3112269937992096	0.13692378997802734	0.3536559045314789	0.3445063531398773	0.2897025942802429	0.12531796097755432	0.15026308596134186	0.04505828395485878	0.30089879035949707	-0.11416294425725937	-0.09037166833877563	0.2363990992307663	-0.18199250102043152	0.06194967031478882	0.2856251299381256	0.21635685861110687	0.2732751965522766	0.17181360721588135	0.23411257565021515	0.21325738728046417	0.2845294773578644	0.37518757581710815	0.3735067844390869	0.2921369671821594	0.295255571603775	0.4069752097129822	0.35653817653656006	0.3840761184692383	0.34129732847213745	0.26012057065963745	0.25458866357803345	0.039466556161642075	0.12695646286010742	0.3215719163417816	0.27585723996162415	-0.023623526096343994	0.018119709566235542	-0.0015388661995530128	0.35114777088165283	0.24290044605731964	0.25937721133232117	0.10466523468494415	
Oui/gants/plomb	0.81834876537323	0.6592879891395569	0.8219848871231079	0.8254839181900024	0.8052574992179871	0.8677737712860107	0.6950305104255676	0.8570907115936279	0.8381221890449524	0.8199131488800049	0.6695600748062134	0.8280389904975891	0.860525369644165	0.8303501009941101	0.707578718662262	0.7700613141059875	1.0	0.8584957122802734	0.7946711778640747	0.802910327911377	0.7020001411437988	0.7167954444885254	0.32246965169906616	0.28212302923202515	0.2880042493343353	0.3314923942089081	0.32358622550964355	0.2745148539543152	0.33508503437042236	0.28022921085357666	0.33860838413238525	0.29707154631614685	0.27572184801101685	0.1609879434108734	0.2439637929201126	0.3378117084503174	0.2830680012702942	0.2149682641029358	0.29503053426742554	0.3658336102962494	0.3093666434288025	0.0923127681016922	0.15922978520393372	0.2498212456703186	0.3130859434604645	0.19336791336536407	0.014828894287347794	0.33670756220817566	0.18395255506038666	0.2750389575958252	0.26526716351509094	0.2147429883480072	0.26618480682373047	0.2685769200325012	0.22527280449867249	0.23013153672218323	0.14243343472480774	0.1130199283361435	0.2857654392719269	0.3554898798465729	0.152973935008049	0.3397763967514038	0.3030303418636322	0.1923140436410904	0.31293147802352905	0.37316855788230896	0.11447511613368988	0.2647228240966797	0.2529958486557007	0.18639248609542847	0.30133992433547974	0.3255639672279358	0.2499752640724182	0.16993016004562378	0.1737537980079651	0.07172814756631851	0.2878044843673706	-0.06686282902956009	-0.05030937120318413	0.18296456336975098	-0.11954955011606216	0.10664373636245728	0.22411739826202393	0.2574228048324585	0.2173035442829132	0.1712280809879303	0.24435864388942719	0.20605675876140594	0.2700963020324707	0.3131864070892334	0.3713701069355011	0.2868401110172272	0.2692181169986725	0.3883950114250183	0.2882068455219269	0.3614359498023987	0.2946610748767853	0.2448844015598297	0.25484126806259155	0.11527468264102936	0.16468967497348785	0.33540886640548706	0.29785192012786865	0.08426724374294281	0.08762933313846588	0.07648635655641556	0.365468293428421	0.2759096324443817	0.24421489238739014	0.1698896735906601	
