	Non/soleil/plomb	Non/soleil/plomb	Non/soleil/plomb	Non/soleil/plomb	Non/soleil/plomb	Non/soleil/plomb	Non/soleil/plomb	Non/soleil/plomb	Non/soleil/plomb	Non/soleil/plomb	Oui/balles/plomb	Oui/lamelles/plomb	Oui/balle/plomb	Oui/noyaux/plomb	Oui/cartouches/plomb	Oui/billes/plomb	Oui/boulet/plomb	Oui/bille/plomb	Oui/plaque/plomb	Oui/coupole/plomb	Non/silence/plomb	Non/silence/plomb	Non/silence/plomb	Non/silence/plomb	Non/silence/plomb	Non/silence/plomb	Non/silence/plomb	Non/silence/plomb	Non/silence/plomb	Non/silence/plomb	Oui/urne/plomb	Oui/tablette/plomb	Oui/tuyau/plomb	Oui/cercueil/plomb	Oui/cage/plomb	Oui/gants/plomb	Oui/masse/plomb	Oui/lingot/plomb	Oui/morceau/plomb	Oui/armatures/plomb
Non/soleil/plomb	1.0	0.8812704682350159	0.9056798219680786	0.8532758355140686	0.8930479288101196	0.9015710353851318	0.807295024394989	0.7693160772323608	0.6245450973510742	0.8537203073501587	0.23618938028812408	-0.02390795573592186	0.3929165005683899	0.058891307562589645	0.12381365895271301	0.07177727669477463	0.46743881702423096	0.2538430392742157	0.3121783137321472	0.15995891392230988	0.5838882923126221	0.6253429055213928	0.5318028330802917	0.5993935465812683	0.6174789667129517	0.506582498550415	0.5538932085037231	0.5980205535888672	0.5994758009910583	0.5958656668663025	0.28390297293663025	0.34275156259536743	0.37222227454185486	0.46066996455192566	0.3190647065639496	0.218772292137146	0.26695871353149414	0.2974177598953247	0.33459487557411194	0.22027751803398132	
Non/soleil/plomb	0.8812704682350159	1.0	0.8868440389633179	0.884231448173523	0.8828907608985901	0.8405224680900574	0.8397828340530396	0.7989692687988281	0.6775129437446594	0.8110938668251038	0.2475997507572174	-0.012118731625378132	0.4197598099708557	0.02423367090523243	0.08363761752843857	0.06070294231176376	0.419357568025589	0.23107494413852692	0.36617976427078247	0.11692342907190323	0.5151398181915283	0.5661189556121826	0.5291884541511536	0.5442306399345398	0.5186772346496582	0.48543494939804077	0.5361285209655762	0.5891333222389221	0.5730955600738525	0.5446234941482544	0.279712051153183	0.325530469417572	0.3909378945827484	0.42662492394447327	0.2616569697856903	0.18877986073493958	0.33113837242126465	0.31946030259132385	0.3888563811779022	0.20785002410411835	
Non/soleil/plomb	0.9056798219680786	0.8868440389633179	1.0	0.8655944466590881	0.8887327313423157	0.86944979429245	0.8367832899093628	0.7671212553977966	0.6843910217285156	0.8575111627578735	0.2437640279531479	-0.008543956093490124	0.43530896306037903	0.04416812211275101	0.10254478454589844	0.04359962046146393	0.5004228353500366	0.28132370114326477	0.3512423634529114	0.18486452102661133	0.6062501668930054	0.6549413800239563	0.5791526436805725	0.6583272814750671	0.6507103443145752	0.5472102165222168	0.6279631853103638	0.6546844840049744	0.6583091616630554	0.6508781909942627	0.2737099230289459	0.3772551417350769	0.37052789330482483	0.4992588758468628	0.35448163747787476	0.19242481887340546	0.3031361997127533	0.29555970430374146	0.3672976493835449	0.1658637821674347	
Non/soleil/plomb	0.8532758355140686	0.884231448173523	0.8655944466590881	1.0	0.8888751864433289	0.8571953773498535	0.863071858882904	0.8653247356414795	0.6693634986877441	0.839781641960144	0.2671798765659332	0.01960715278983116	0.47358033061027527	0.09947843104600906	0.14228494465351105	0.07512547075748444	0.3916487693786621	0.2651486098766327	0.3425161838531494	0.162316232919693	0.537126362323761	0.5569812655448914	0.5481559038162231	0.5519305467605591	0.5426828265190125	0.4954226315021515	0.5040152072906494	0.5515850186347961	0.5508119463920593	0.5462152361869812	0.30487218499183655	0.3322688043117523	0.3763951361179352	0.35807305574417114	0.25208237767219543	0.2467629611492157	0.3678279519081116	0.3732963502407074	0.36609604954719543	0.2365497350692749	
Non/soleil/plomb	0.8930479288101196	0.8828907608985901	0.8887327313423157	0.8888751864433289	1.0	0.8617762327194214	0.8173374533653259	0.8206866383552551	0.6981022953987122	0.8331640362739563	0.17971861362457275	0.006414186209440231	0.40267467498779297	0.018471375107765198	0.06673940271139145	0.03679342567920685	0.40989574790000916	0.2465265393257141	0.32456061244010925	0.17808623611927032	0.5686670541763306	0.5812941789627075	0.5275435447692871	0.5890164375305176	0.5703752040863037	0.4736354649066925	0.5587998032569885	0.574961245059967	0.6077253222465515	0.5806304812431335	0.25360333919525146	0.2903992235660553	0.37572014331817627	0.42519834637641907	0.28036803007125854	0.14013038575649261	0.2814476490020752	0.23955273628234863	0.3261314332485199	0.13057449460029602	
Non/soleil/plomb	0.9015710353851318	0.8405224680900574	0.86944979429245	0.8571953773498535	0.8617762327194214	1.0	0.7914459109306335	0.8196050524711609	0.6393532752990723	0.8831714987754822	0.2123933732509613	0.0007927040569484234	0.4013076424598694	0.04164522886276245	0.12236300110816956	0.113465815782547	0.39379993081092834	0.29488444328308105	0.27453136444091797	0.20136995613574982	0.5384924411773682	0.5373709797859192	0.5118175148963928	0.5461366772651672	0.5480175018310547	0.4551661014556885	0.5018481016159058	0.5389838218688965	0.5332907438278198	0.544041633605957	0.28725212812423706	0.3135971426963806	0.3542250692844391	0.3819333016872406	0.23908966779708862	0.2294091135263443	0.2425326555967331	0.2904164493083954	0.30088600516319275	0.20301349461078644	
Non/soleil/plomb	0.807295024394989	0.8397828340530396	0.8367832899093628	0.863071858882904	0.8173374533653259	0.7914459109306335	1.0	0.8122525215148926	0.6535831093788147	0.8236174583435059	0.29194945096969604	0.009707675315439701	0.4840260446071625	0.09710001200437546	0.15834751725196838	0.09812519699335098	0.3698285222053528	0.27502942085266113	0.3920372426509857	0.17554925382137299	0.508298933506012	0.5046087503433228	0.5227922797203064	0.5072633624076843	0.5016297101974487	0.4921296536922455	0.47359707951545715	0.5025400519371033	0.5057404041290283	0.49992895126342773	0.3013966977596283	0.3441718518733978	0.39235517382621765	0.39742034673690796	0.2905704379081726	0.24226593971252441	0.36405566334724426	0.3374607563018799	0.40038466453552246	0.23122259974479675	
Non/soleil/plomb	0.7693160772323608	0.7989692687988281	0.7671212553977966	0.8653247356414795	0.8206866383552551	0.8196050524711609	0.8122525215148926	1.0	0.6586084961891174	0.7915379405021667	0.22161635756492615	-0.005327917169779539	0.3999486565589905	0.03365102782845497	0.10721782594919205	0.10456227511167526	0.29955804347991943	0.22082871198654175	0.3438156545162201	0.11890998482704163	0.4428320527076721	0.4422740042209625	0.4774993360042572	0.45668020844459534	0.43475043773651123	0.42349255084991455	0.41529086232185364	0.4671684503555298	0.4530174732208252	0.44091784954071045	0.2672114670276642	0.25710082054138184	0.363160103559494	0.3253549337387085	0.17373357713222504	0.21564912796020508	0.3336050808429718	0.3393615782260895	0.3363344371318817	0.2299211472272873	
Non/soleil/plomb	0.6245450973510742	0.6775129437446594	0.6843910217285156	0.6693634986877441	0.6981022953987122	0.6393532752990723	0.6535831093788147	0.6586084961891174	1.0	0.6190426349639893	0.13746610283851624	0.012643004767596722	0.38137567043304443	0.028482701629400253	0.057475313544273376	0.07667197287082672	0.36197221279144287	0.2764309048652649	0.35671648383140564	0.155050128698349	0.4436526894569397	0.45975393056869507	0.46528562903404236	0.43323853611946106	0.3919745981693268	0.4074624478816986	0.4710119962692261	0.46110421419143677	0.49450668692588806	0.4758080244064331	0.15990404784679413	0.2637646198272705	0.2733567953109741	0.43224552273750305	0.26306217908859253	0.0985279455780983	0.2967221140861511	0.12212227284908295	0.3331570327281952	0.07513564825057983	
Non/soleil/plomb	0.8537203073501587	0.8110938668251038	0.8575111627578735	0.839781641960144	0.8331640362739563	0.8831714987754822	0.8236174583435059	0.7915379405021667	0.6190426349639893	1.0	0.21430669724941254	-0.0032705352641642094	0.39255523681640625	0.04884013161063194	0.12635739147663116	0.1277061253786087	0.41044938564300537	0.29906561970710754	0.3311654329299927	0.1457643359899521	0.554081380367279	0.5210774540901184	0.4832350015640259	0.5631636381149292	0.5539014935493469	0.45477935671806335	0.493179053068161	0.5235934257507324	0.5360978245735168	0.543630063533783	0.24227087199687958	0.34763288497924805	0.4016875922679901	0.40595000982284546	0.29882869124412537	0.24170897901058197	0.2656637132167816	0.3316896855831146	0.3132706582546234	0.1901811957359314	
Oui/balles/plomb	0.23618938028812408	0.2475997507572174	0.2437640279531479	0.2671798765659332	0.17971861362457275	0.2123933732509613	0.29194945096969604	0.22161635756492615	0.13746610283851624	0.21430669724941254	1.0	0.2999812066555023	0.49100545048713684	0.44335031509399414	0.5262986421585083	0.49587851762771606	0.27767881751060486	0.1989271342754364	0.2206811159849167	0.08914365619421005	0.14133916795253754	0.17549069225788116	0.22522924840450287	0.1711290329694748	0.16956943273544312	0.2459108531475067	0.16000357270240784	0.17978611588478088	0.1025313287973404	0.15571191906929016	0.29138219356536865	0.37116721272468567	0.11669561266899109	0.24917730689048767	0.25304219126701355	0.5305149555206299	0.2690447270870209	0.4306789040565491	0.32886067032814026	0.4621102213859558	
Oui/lamelles/plomb	-0.02390795573592186	-0.012118731625378132	-0.008543956093490124	0.01960715278983116	0.006414186209440231	0.0007927040569484234	0.009707675315439701	-0.005327917169779539	0.012643004767596722	-0.0032705352641642094	0.2999812066555023	1.0	0.06405269354581833	0.41624853014945984	0.23842304944992065	0.39081162214279175	0.1226433590054512	0.17991966009140015	0.11125596612691879	0.2592613697052002	-0.01676875166594982	-0.0033741395454853773	0.039926882833242416	0.014783519320189953	-0.026349572464823723	0.02383187599480152	0.012403076514601707	-0.014957779087126255	-0.033344339579343796	-0.01145333144813776	0.09858369082212448	0.2337474822998047	0.0980389341711998	0.12015420198440552	0.15961946547031403	0.28632909059524536	0.030810294672846794	0.1464436799287796	0.16212038695812225	0.24228180944919586	
Oui/balle/plomb	0.3929165005683899	0.4197598099708557	0.43530896306037903	0.47358033061027527	0.40267467498779297	0.4013076424598694	0.4840260446071625	0.3999486565589905	0.38137567043304443	0.39255523681640625	0.49100545048713684	0.06405269354581833	1.0	0.1469835489988327	0.4117618203163147	0.27742618322372437	0.3827940821647644	0.5710167288780212	0.3793751299381256	0.3259192705154419	0.3324745297431946	0.3462792932987213	0.345262348651886	0.3664384186267853	0.357146680355072	0.29806655645370483	0.32856637239456177	0.3478853404521942	0.3445401191711426	0.34050285816192627	0.3985450267791748	0.4278155565261841	0.254014253616333	0.29099375009536743	0.34396544098854065	0.23636245727539062	0.5064248442649841	0.3356858789920807	0.4179839789867401	0.14052323997020721	
Oui/noyaux/plomb	0.058891307562589645	0.02423367090523243	0.04416812211275101	0.09947843104600906	0.018471375107765198	0.04164522886276245	0.09710001200437546	0.03365102782845497	0.028482701629400253	0.04884013161063194	0.44335031509399414	0.41624853014945984	0.1469835489988327	1.0	0.4304053485393524	0.40717464685440063	0.21316075325012207	0.22318105399608612	0.057855602353811264	0.24069488048553467	0.15283729135990143	0.13262534141540527	0.17935840785503387	0.1343080699443817	0.12431059032678604	0.17981749773025513	0.1130669116973877	0.10631373524665833	0.07307576388120651	0.13865269720554352	0.25391310453414917	0.21556487679481506	0.08558275550603867	0.1825966089963913	0.23485684394836426	0.49148157238960266	0.1980227530002594	0.2827502191066742	0.17580750584602356	0.4391486346721649	
Oui/cartouches/plomb	0.12381365895271301	0.08363761752843857	0.10254478454589844	0.14228494465351105	0.06673940271139145	0.12236300110816956	0.15834751725196838	0.10721782594919205	0.057475313544273376	0.12635739147663116	0.5262986421585083	0.23842304944992065	0.4117618203163147	0.4304053485393524	1.0	0.49652889370918274	0.24289260804653168	0.3131556212902069	0.10916800796985626	0.14794564247131348	0.16341985762119293	0.11257758736610413	0.16869144141674042	0.16339780390262604	0.16992546617984772	0.15977011620998383	0.1116209328174591	0.11431637406349182	0.11327360570430756	0.13414673507213593	0.27143627405166626	0.27457356452941895	0.15738274157047272	0.20176729559898376	0.23334859311580658	0.4155590832233429	0.10740784555673599	0.2494927942752838	0.21872512996196747	0.2998720407485962	
Oui/billes/plomb	0.07177727669477463	0.06070294231176376	0.04359962046146393	0.07512547075748444	0.03679342567920685	0.113465815782547	0.09812519699335098	0.10456227511167526	0.07667197287082672	0.1277061253786087	0.49587851762771606	0.39081162214279175	0.27742618322372437	0.40717464685440063	0.49652889370918274	1.0	0.1802200973033905	0.4562508165836334	0.1711246520280838	0.1963711678981781	0.12902548909187317	0.06746846437454224	0.1586262285709381	0.1019376814365387	0.09181752055883408	0.11342951655387878	0.08686593174934387	0.07071561366319656	0.036461103707551956	0.07543064653873444	0.24434830248355865	0.2689546048641205	0.1502772569656372	0.17487123608589172	0.1568387746810913	0.4565618932247162	0.1329672485589981	0.3269745707511902	0.2818377614021301	0.3060811161994934	
Oui/boulet/plomb	0.46743881702423096	0.419357568025589	0.5004228353500366	0.3916487693786621	0.40989574790000916	0.39379993081092834	0.3698285222053528	0.29955804347991943	0.36197221279144287	0.41044938564300537	0.27767881751060486	0.1226433590054512	0.3827940821647644	0.21316075325012207	0.24289260804653168	0.1802200973033905	1.0	0.36889809370040894	0.30329975485801697	0.1826740801334381	0.4607580006122589	0.4691416621208191	0.3872614800930023	0.507870614528656	0.4777602553367615	0.37278124690055847	0.46298322081565857	0.463285893201828	0.4833665192127228	0.4735940992832184	0.2570706009864807	0.39311540126800537	0.3685322105884552	0.5145007371902466	0.49054428935050964	0.2248210608959198	0.20725367963314056	0.3283129632472992	0.3553989827632904	0.12517231702804565	
Oui/bille/plomb	0.2538430392742157	0.23107494413852692	0.28132370114326477	0.2651486098766327	0.2465265393257141	0.29488444328308105	0.27502942085266113	0.22082871198654175	0.2764309048652649	0.29906561970710754	0.1989271342754364	0.17991966009140015	0.5710167288780212	0.22318105399608612	0.3131556212902069	0.4562508165836334	0.36889809370040894	1.0	0.3393459916114807	0.5014010071754456	0.3048708438873291	0.2542446255683899	0.276563435792923	0.29019272327423096	0.2990822494029999	0.18361499905586243	0.27860552072525024	0.23282894492149353	0.28994402289390564	0.2857450246810913	0.40431398153305054	0.5401768088340759	0.3121660351753235	0.2997525930404663	0.45331114530563354	0.16887566447257996	0.42725586891174316	0.2484544813632965	0.39567407965660095	0.03235344588756561	
Oui/plaque/plomb	0.3121783137321472	0.36617976427078247	0.3512423634529114	0.3425161838531494	0.32456061244010925	0.27453136444091797	0.3920372426509857	0.3438156545162201	0.35671648383140564	0.3311654329299927	0.2206811159849167	0.11125596612691879	0.3793751299381256	0.057855602353811264	0.10916800796985626	0.1711246520280838	0.30329975485801697	0.3393459916114807	1.0	0.20628972351551056	0.25742214918136597	0.24732621014118195	0.26485899090766907	0.28575095534324646	0.2278483510017395	0.2518342137336731	0.2454719841480255	0.2755564749240875	0.26409879326820374	0.2431003898382187	0.3123686909675598	0.4876553416252136	0.3677513003349304	0.3435327112674713	0.43583229184150696	0.1892486810684204	0.4080701470375061	0.30664148926734924	0.47031399607658386	0.16111023724079132	
Oui/coupole/plomb	0.15995891392230988	0.11692342907190323	0.18486452102661133	0.162316232919693	0.17808623611927032	0.20136995613574982	0.17554925382137299	0.11890998482704163	0.155050128698349	0.1457643359899521	0.08914365619421005	0.2592613697052002	0.3259192705154419	0.24069488048553467	0.14794564247131348	0.1963711678981781	0.1826740801334381	0.5014010071754456	0.20628972351551056	1.0	0.1489245444536209	0.13184376060962677	0.158323273062706	0.1498054563999176	0.13216546177864075	0.11132926493883133	0.1583094298839569	0.10391472280025482	0.10864228010177612	0.14445152878761292	0.34822696447372437	0.32134121656417847	0.1105300635099411	0.1815885305404663	0.30875682830810547	0.08109971135854721	0.21499136090278625	0.04935794696211815	0.12451983243227005	0.0659918412566185	
Non/silence/plomb	0.5838882923126221	0.5151398181915283	0.6062501668930054	0.537126362323761	0.5686670541763306	0.5384924411773682	0.508298933506012	0.4428320527076721	0.4436526894569397	0.554081380367279	0.14133916795253754	-0.01676875166594982	0.3324745297431946	0.15283729135990143	0.16341985762119293	0.12902548909187317	0.4607580006122589	0.3048708438873291	0.25742214918136597	0.1489245444536209	1.0	0.8690690994262695	0.8399921655654907	0.8948811292648315	0.8929192423820496	0.7700666785240173	0.8501718044281006	0.8335704207420349	0.8719256520271301	0.8737995624542236	0.3124365210533142	0.35573604702949524	0.39248448610305786	0.5383716225624084	0.3082725405693054	0.18111084401607513	0.26595786213874817	0.276427686214447	0.3134799301624298	0.15242058038711548	
Non/silence/plomb	0.6253429055213928	0.5661189556121826	0.6549413800239563	0.5569812655448914	0.5812941789627075	0.5373709797859192	0.5046087503433228	0.4422740042209625	0.45975393056869507	0.5210774540901184	0.17549069225788116	-0.0033741395454853773	0.3462792932987213	0.13262534141540527	0.11257758736610413	0.06746846437454224	0.4691416621208191	0.2542446255683899	0.24732621014118195	0.13184376060962677	0.8690690994262695	1.0	0.8384358882904053	0.8749232292175293	0.8737050890922546	0.8008788824081421	0.8980022668838501	0.9058672785758972	0.8782400488853455	0.8959463238716125	0.27665427327156067	0.35517048835754395	0.343887597322464	0.5320363640785217	0.3328573405742645	0.19795840978622437	0.3084433674812317	0.28794366121292114	0.33401113748550415	0.14877820014953613	
Non/silence/plomb	0.5318028330802917	0.5291884541511536	0.5791526436805725	0.5481559038162231	0.5275435447692871	0.5118175148963928	0.5227922797203064	0.4774993360042572	0.46528562903404236	0.4832350015640259	0.22522924840450287	0.039926882833242416	0.345262348651886	0.17935840785503387	0.16869144141674042	0.1586262285709381	0.3872614800930023	0.276563435792923	0.26485899090766907	0.158323273062706	0.8399921655654907	0.8384358882904053	1.0	0.8009541034698486	0.7707231640815735	0.8375802636146545	0.8347242474555969	0.8326163291931152	0.8161998391151428	0.8307333588600159	0.31470710039138794	0.33986619114875793	0.3272477090358734	0.46980947256088257	0.28652337193489075	0.2306322306394577	0.2994452118873596	0.31890416145324707	0.32713812589645386	0.19327440857887268	
Non/silence/plomb	0.5993935465812683	0.5442306399345398	0.6583272814750671	0.5519305467605591	0.5890164375305176	0.5461366772651672	0.5072633624076843	0.45668020844459534	0.43323853611946106	0.5631636381149292	0.1711290329694748	0.014783519320189953	0.3664384186267853	0.1343080699443817	0.16339780390262604	0.1019376814365387	0.507870614528656	0.29019272327423096	0.28575095534324646	0.1498054563999176	0.8948811292648315	0.8749232292175293	0.8009541034698486	1.0	0.9143103957176208	0.7681936621665955	0.8833733201026917	0.9031874537467957	0.90702223777771	0.8898798227310181	0.27461957931518555	0.38450056314468384	0.36497172713279724	0.5255808234214783	0.34965941309928894	0.2160504013299942	0.28471702337265015	0.2971467077732086	0.3217566907405853	0.10329461097717285	
Non/silence/plomb	0.6174789667129517	0.5186772346496582	0.6507103443145752	0.5426828265190125	0.5703752040863037	0.5480175018310547	0.5016297101974487	0.43475043773651123	0.3919745981693268	0.5539014935493469	0.16956943273544312	-0.026349572464823723	0.357146680355072	0.12431059032678604	0.16992546617984772	0.09181752055883408	0.4777602553367615	0.2990822494029999	0.2278483510017395	0.13216546177864075	0.8929192423820496	0.8737050890922546	0.7707231640815735	0.9143103957176208	1.0	0.7258297801017761	0.8367280960083008	0.8485875725746155	0.8728015422821045	0.8801172971725464	0.2933503985404968	0.39283040165901184	0.34971755743026733	0.5251913070678711	0.32138973474502563	0.1766243875026703	0.27879172563552856	0.28144368529319763	0.3151870667934418	0.13998785614967346	
Non/silence/plomb	0.506582498550415	0.48543494939804077	0.5472102165222168	0.4954226315021515	0.4736354649066925	0.4551661014556885	0.4921296536922455	0.42349255084991455	0.4074624478816986	0.45477935671806335	0.2459108531475067	0.02383187599480152	0.29806655645370483	0.17981749773025513	0.15977011620998383	0.11342951655387878	0.37278124690055847	0.18361499905586243	0.2518342137336731	0.11132926493883133	0.7700666785240173	0.8008788824081421	0.8375802636146545	0.7681936621665955	0.7258297801017761	1.0	0.8115660548210144	0.8253946900367737	0.7675220370292664	0.7973788380622864	0.2678186893463135	0.3233882784843445	0.3125140070915222	0.44203928112983704	0.28760483860969543	0.27330413460731506	0.29860806465148926	0.33813241124153137	0.3166733682155609	0.21594640612602234	
Non/silence/plomb	0.5538932085037231	0.5361285209655762	0.6279631853103638	0.5040152072906494	0.5587998032569885	0.5018481016159058	0.47359707951545715	0.41529086232185364	0.4710119962692261	0.493179053068161	0.16000357270240784	0.012403076514601707	0.32856637239456177	0.1130669116973877	0.1116209328174591	0.08686593174934387	0.46298322081565857	0.27860552072525024	0.2454719841480255	0.1583094298839569	0.8501718044281006	0.8980022668838501	0.8347242474555969	0.8833733201026917	0.8367280960083008	0.8115660548210144	1.0	0.9133568406105042	0.9039254784584045	0.883879542350769	0.2622215747833252	0.32970455288887024	0.3351926803588867	0.5317906141281128	0.30951058864593506	0.15667860209941864	0.26711174845695496	0.25400596857070923	0.32210391759872437	0.06767666339874268	
Non/silence/plomb	0.5980205535888672	0.5891333222389221	0.6546844840049744	0.5515850186347961	0.574961245059967	0.5389838218688965	0.5025400519371033	0.4671684503555298	0.46110421419143677	0.5235934257507324	0.17978611588478088	-0.014957779087126255	0.3478853404521942	0.10631373524665833	0.11431637406349182	0.07071561366319656	0.463285893201828	0.23282894492149353	0.2755564749240875	0.10391472280025482	0.8335704207420349	0.9058672785758972	0.8326163291931152	0.9031874537467957	0.8485875725746155	0.8253946900367737	0.9133568406105042	1.0	0.8866367936134338	0.8991140127182007	0.2661236822605133	0.3681686222553253	0.33464622497558594	0.5025539398193359	0.30271169543266296	0.2158946543931961	0.3195219337940216	0.30829986929893494	0.3398280143737793	0.16300366818904877	
Non/silence/plomb	0.5994758009910583	0.5730955600738525	0.6583091616630554	0.5508119463920593	0.6077253222465515	0.5332907438278198	0.5057404041290283	0.4530174732208252	0.49450668692588806	0.5360978245735168	0.1025313287973404	-0.033344339579343796	0.3445401191711426	0.07307576388120651	0.11327360570430756	0.036461103707551956	0.4833665192127228	0.28994402289390564	0.26409879326820374	0.10864228010177612	0.8719256520271301	0.8782400488853455	0.8161998391151428	0.90702223777771	0.8728015422821045	0.7675220370292664	0.9039254784584045	0.8866367936134338	1.0	0.8799638748168945	0.23408730328083038	0.35298970341682434	0.37214404344558716	0.5274196863174438	0.31796061992645264	0.14311803877353668	0.2855289876461029	0.2605374753475189	0.3414134085178375	0.06538455933332443	
Non/silence/plomb	0.5958656668663025	0.5446234941482544	0.6508781909942627	0.5462152361869812	0.5806304812431335	0.544041633605957	0.49992895126342773	0.44091784954071045	0.4758080244064331	0.543630063533783	0.15571191906929016	-0.01145333144813776	0.34050285816192627	0.13865269720554352	0.13414673507213593	0.07543064653873444	0.4735940992832184	0.2857450246810913	0.2431003898382187	0.14445152878761292	0.8737995624542236	0.8959463238716125	0.8307333588600159	0.8898798227310181	0.8801172971725464	0.7973788380622864	0.883879542350769	0.8991140127182007	0.8799638748168945	1.0	0.2642247974872589	0.3588302433490753	0.32804980874061584	0.5089196562767029	0.34705066680908203	0.17960548400878906	0.28774183988571167	0.26106497645378113	0.30494359135627747	0.14218440651893616	
Oui/urne/plomb	0.28390297293663025	0.279712051153183	0.2737099230289459	0.30487218499183655	0.25360333919525146	0.28725212812423706	0.3013966977596283	0.2672114670276642	0.15990404784679413	0.24227087199687958	0.29138219356536865	0.09858369082212448	0.3985450267791748	0.25391310453414917	0.27143627405166626	0.24434830248355865	0.2570706009864807	0.40431398153305054	0.3123686909675598	0.34822696447372437	0.3124365210533142	0.27665427327156067	0.31470710039138794	0.27461957931518555	0.2933503985404968	0.2678186893463135	0.2622215747833252	0.2661236822605133	0.23408730328083038	0.2642247974872589	1.0	0.41534337401390076	0.24713894724845886	0.37791067361831665	0.32315337657928467	0.2825275957584381	0.3002084791660309	0.3645978569984436	0.23030874133110046	0.27520596981048584	
Oui/tablette/plomb	0.34275156259536743	0.325530469417572	0.3772551417350769	0.3322688043117523	0.2903992235660553	0.3135971426963806	0.3441718518733978	0.25710082054138184	0.2637646198272705	0.34763288497924805	0.37116721272468567	0.2337474822998047	0.4278155565261841	0.21556487679481506	0.27457356452941895	0.2689546048641205	0.39311540126800537	0.5401768088340759	0.4876553416252136	0.32134121656417847	0.35573604702949524	0.35517048835754395	0.33986619114875793	0.38450056314468384	0.39283040165901184	0.3233882784843445	0.32970455288887024	0.3681686222553253	0.35298970341682434	0.3588302433490753	0.41534337401390076	1.0	0.379849374294281	0.4273418188095093	0.508215606212616	0.29939883947372437	0.39594924449920654	0.3992103338241577	0.47922196984291077	0.2828792333602905	
Oui/tuyau/plomb	0.37222227454185486	0.3909378945827484	0.37052789330482483	0.3763951361179352	0.37572014331817627	0.3542250692844391	0.39235517382621765	0.363160103559494	0.2733567953109741	0.4016875922679901	0.11669561266899109	0.0980389341711998	0.254014253616333	0.08558275550603867	0.15738274157047272	0.1502772569656372	0.3685322105884552	0.3121660351753235	0.3677513003349304	0.1105300635099411	0.39248448610305786	0.343887597322464	0.3272477090358734	0.36497172713279724	0.34971755743026733	0.3125140070915222	0.3351926803588867	0.33464622497558594	0.37214404344558716	0.32804980874061584	0.24713894724845886	0.379849374294281	1.0	0.39288944005966187	0.3581560254096985	0.20458637177944183	0.27275753021240234	0.3770597279071808	0.48186856508255005	0.08721974492073059	
Oui/cercueil/plomb	0.46066996455192566	0.42662492394447327	0.4992588758468628	0.35807305574417114	0.42519834637641907	0.3819333016872406	0.39742034673690796	0.3253549337387085	0.43224552273750305	0.40595000982284546	0.24917730689048767	0.12015420198440552	0.29099375009536743	0.1825966089963913	0.20176729559898376	0.17487123608589172	0.5145007371902466	0.2997525930404663	0.3435327112674713	0.1815885305404663	0.5383716225624084	0.5320363640785217	0.46980947256088257	0.5255808234214783	0.5251913070678711	0.44203928112983704	0.5317906141281128	0.5025539398193359	0.5274196863174438	0.5089196562767029	0.37791067361831665	0.4273418188095093	0.39288944005966187	1.0	0.4789629280567169	0.26492074131965637	0.17419752478599548	0.24636541306972504	0.46041327714920044	0.10523343086242676	
Oui/cage/plomb	0.3190647065639496	0.2616569697856903	0.35448163747787476	0.25208237767219543	0.28036803007125854	0.23908966779708862	0.2905704379081726	0.17373357713222504	0.26306217908859253	0.29882869124412537	0.25304219126701355	0.15961946547031403	0.34396544098854065	0.23485684394836426	0.23334859311580658	0.1568387746810913	0.49054428935050964	0.45331114530563354	0.43583229184150696	0.30875682830810547	0.3082725405693054	0.3328573405742645	0.28652337193489075	0.34965941309928894	0.32138973474502563	0.28760483860969543	0.30951058864593506	0.30271169543266296	0.31796061992645264	0.34705066680908203	0.32315337657928467	0.508215606212616	0.3581560254096985	0.4789629280567169	1.0	0.19963465631008148	0.2851715087890625	0.2413691282272339	0.3530826270580292	0.13599883019924164	
Oui/gants/plomb	0.218772292137146	0.18877986073493958	0.19242481887340546	0.2467629611492157	0.14013038575649261	0.2294091135263443	0.24226593971252441	0.21564912796020508	0.0985279455780983	0.24170897901058197	0.5305149555206299	0.28632909059524536	0.23636245727539062	0.49148157238960266	0.4155590832233429	0.4565618932247162	0.2248210608959198	0.16887566447257996	0.1892486810684204	0.08109971135854721	0.18111084401607513	0.19795840978622437	0.2306322306394577	0.2160504013299942	0.1766243875026703	0.27330413460731506	0.15667860209941864	0.2158946543931961	0.14311803877353668	0.17960548400878906	0.2825275957584381	0.29939883947372437	0.20458637177944183	0.26492074131965637	0.19963465631008148	1.0	0.1600719690322876	0.40251126885414124	0.26271480321884155	0.45321255922317505	
Oui/masse/plomb	0.26695871353149414	0.33113837242126465	0.3031361997127533	0.3678279519081116	0.2814476490020752	0.2425326555967331	0.36405566334724426	0.3336050808429718	0.2967221140861511	0.2656637132167816	0.2690447270870209	0.030810294672846794	0.5064248442649841	0.1980227530002594	0.10740784555673599	0.1329672485589981	0.20725367963314056	0.42725586891174316	0.4080701470375061	0.21499136090278625	0.26595786213874817	0.3084433674812317	0.2994452118873596	0.28471702337265015	0.27879172563552856	0.29860806465148926	0.26711174845695496	0.3195219337940216	0.2855289876461029	0.28774183988571167	0.3002084791660309	0.39594924449920654	0.27275753021240234	0.17419752478599548	0.2851715087890625	0.1600719690322876	1.0	0.3564802408218384	0.4448069930076599	0.16875135898590088	
Oui/lingot/plomb	0.2974177598953247	0.31946030259132385	0.29555970430374146	0.3732963502407074	0.23955273628234863	0.2904164493083954	0.3374607563018799	0.3393615782260895	0.12212227284908295	0.3316896855831146	0.4306789040565491	0.1464436799287796	0.3356858789920807	0.2827502191066742	0.2494927942752838	0.3269745707511902	0.3283129632472992	0.2484544813632965	0.30664148926734924	0.04935794696211815	0.276427686214447	0.28794366121292114	0.31890416145324707	0.2971467077732086	0.28144368529319763	0.33813241124153137	0.25400596857070923	0.30829986929893494	0.2605374753475189	0.26106497645378113	0.3645978569984436	0.3992103338241577	0.3770597279071808	0.24636541306972504	0.2413691282272339	0.40251126885414124	0.3564802408218384	1.0	0.43134820461273193	0.3728909492492676	
Oui/morceau/plomb	0.33459487557411194	0.3888563811779022	0.3672976493835449	0.36609604954719543	0.3261314332485199	0.30088600516319275	0.40038466453552246	0.3363344371318817	0.3331570327281952	0.3132706582546234	0.32886067032814026	0.16212038695812225	0.4179839789867401	0.17580750584602356	0.21872512996196747	0.2818377614021301	0.3553989827632904	0.39567407965660095	0.47031399607658386	0.12451983243227005	0.3134799301624298	0.33401113748550415	0.32713812589645386	0.3217566907405853	0.3151870667934418	0.3166733682155609	0.32210391759872437	0.3398280143737793	0.3414134085178375	0.30494359135627747	0.23030874133110046	0.47922196984291077	0.48186856508255005	0.46041327714920044	0.3530826270580292	0.26271480321884155	0.4448069930076599	0.43134820461273193	1.0	0.15570543706417084	
Oui/armatures/plomb	0.22027751803398132	0.20785002410411835	0.1658637821674347	0.2365497350692749	0.13057449460029602	0.20301349461078644	0.23122259974479675	0.2299211472272873	0.07513564825057983	0.1901811957359314	0.4621102213859558	0.24228180944919586	0.14052323997020721	0.4391486346721649	0.2998720407485962	0.3060811161994934	0.12517231702804565	0.03235344588756561	0.16111023724079132	0.0659918412566185	0.15242058038711548	0.14877820014953613	0.19327440857887268	0.10329461097717285	0.13998785614967346	0.21594640612602234	0.06767666339874268	0.16300366818904877	0.06538455933332443	0.14218440651893616	0.27520596981048584	0.2828792333602905	0.08721974492073059	0.10523343086242676	0.13599883019924164	0.45321255922317505	0.16875135898590088	0.3728909492492676	0.15570543706417084	1.0	