	Non/colère/saine	Non/colère/saine	Non/colère/saine	Non/colère/saine	Non/colère/saine	Non/colère/saine	Non/colère/saine	Non/colère/saine	Non/colères/saines	Non/colères/saines	Oui/vie/saine	Oui/personne/saine	Oui/peau/saine	Oui/nourriture/saine	Oui/chair/saine	Oui/écorces/saines	Oui/dents/saines	Oui/bouche/saine	Oui/jambe/saine	Oui/feuilles/saines	Non/soleil/plomb	Non/soleil/plomb	Non/soleil/plomb	Non/soleil/plomb	Non/soleil/plomb	Non/soleil/plomb	Non/soleil/plomb	Non/soleil/plomb	Non/soleil/plomb	Non/soleil/plomb	Oui/balles/plomb	Oui/lamelles/plomb	Oui/balle/plomb	Oui/noyaux/plomb	Oui/cartouches/plomb	Oui/billes/plomb	Oui/boulet/plomb	Oui/bille/plomb	Oui/plaque/plomb	Oui/coupole/plomb
Non/colère/saine	1.0	0.6193748116493225	0.29497650265693665	0.7472171187400818	0.7169453501701355	0.5854445695877075	0.6620380878448486	0.5962549448013306	0.5030802488327026	0.5728281736373901	0.34895774722099304	0.18202616274356842	0.19990533590316772	0.29635876417160034	0.3409734070301056	0.28837934136390686	0.3228289783000946	0.1864728033542633	0.45641210675239563	0.3871992230415344	0.11162582039833069	0.11781542003154755	0.08037479221820831	0.10432387888431549	0.02679404802620411	0.0912073478102684	0.07759704440832138	0.054564159363508224	0.007777155842632055	0.09967338293790817	0.1852259337902069	-0.10548083484172821	0.004707410931587219	0.07768119871616364	0.006978962104767561	-0.003949729260057211	-0.005706933792680502	-0.15375541150569916	-0.06907566636800766	-0.18927863240242004	
Non/colère/saine	0.6193748116493225	1.0	0.5081787109375	0.6625612378120422	0.638063907623291	0.5883728861808777	0.7439926266670227	0.6399391889572144	0.5914060473442078	0.5391137003898621	0.35210612416267395	0.25661903619766235	0.2631755471229553	0.22647373378276825	0.32981613278388977	0.22461210191249847	0.28325122594833374	0.13617634773254395	0.3361463248729706	0.3048989772796631	0.028700752183794975	0.03266778960824013	0.019648078829050064	0.03421209007501602	-0.011799419298768044	-0.0165777038782835	0.01881159283220768	0.0067339069209992886	0.02455820143222809	-0.00943089835345745	0.0788666233420372	-0.15851950645446777	0.09961198270320892	-0.025638088583946228	-0.010669714771211147	-0.10571389645338058	-0.016598451882600784	-0.0681418925523758	0.025630701333284378	-0.07210714370012283	
Non/colère/saine	0.29497650265693665	0.5081787109375	1.0	0.4308964014053345	0.5299202799797058	0.5271962285041809	0.5488317608833313	0.5162103772163391	0.4359687268733978	0.31206467747688293	0.4740777015686035	0.3967764675617218	0.4409666657447815	0.2297372817993164	0.46320217847824097	0.18431201577186584	0.27879419922828674	0.20825046300888062	0.33424660563468933	0.2855534255504608	0.10945771634578705	0.14700554311275482	0.13550913333892822	0.18128304183483124	0.16622237861156464	0.10598339885473251	0.1613888442516327	0.16614378988742828	0.16842718422412872	0.12201528996229172	-0.0009231627336703241	-0.17610128223896027	0.24917426705360413	-0.12836436927318573	-0.04912858456373215	-0.0745515376329422	0.05290273204445839	0.15577492117881775	0.20760303735733032	0.07081075012683868	
Non/colère/saine	0.7472171187400818	0.6625612378120422	0.4308964014053345	1.0	0.7248560786247253	0.7340644001960754	0.6954525113105774	0.825371265411377	0.5539245009422302	0.5727304816246033	0.2146572470664978	0.12349672615528107	0.1447058916091919	0.24089083075523376	0.24126163125038147	0.23962941765785217	0.1831972450017929	0.1416512280702591	0.30675262212753296	0.2554858922958374	0.015230337157845497	0.016273658722639084	0.011802311055362225	0.02421647682785988	-0.009317939169704914	-0.001526659238152206	0.015782158821821213	-0.021998276934027672	-0.03395436331629753	0.019575610756874084	0.021448874846100807	-0.10544369369745255	0.039147716015577316	-0.045346908271312714	0.00039165595080703497	-0.06919245421886444	-0.021410169079899788	-0.047383468598127365	-0.042423065751791	-0.04192100837826729	
Non/colère/saine	0.7169453501701355	0.638063907623291	0.5299202799797058	0.7248560786247253	1.0	0.6395881175994873	0.6519199013710022	0.6727524995803833	0.4937901198863983	0.39983004331588745	0.4066244661808014	0.30117666721343994	0.3243606686592102	0.2818399965763092	0.39969760179519653	0.24670574069023132	0.28211644291877747	0.22548280656337738	0.34427961707115173	0.35634371638298035	0.11107121407985687	0.17485007643699646	0.11907974630594254	0.1681346893310547	0.10845468193292618	0.09233047068119049	0.15099912881851196	0.14178745448589325	0.09275539219379425	0.10345187038183212	0.16066719591617584	-0.13860489428043365	0.16525715589523315	-0.0777197927236557	-0.032012056559324265	-0.07523699849843979	-0.026492374017834663	-0.08713461458683014	0.07283060252666473	-0.12473173439502716	
Non/colère/saine	0.5854445695877075	0.5883728861808777	0.5271962285041809	0.7340644001960754	0.6395881175994873	1.0	0.6282292008399963	0.6920113563537598	0.5115289092063904	0.46462997794151306	0.21815019845962524	0.12190268188714981	0.13925959169864655	0.1849205046892166	0.1824941784143448	0.21606925129890442	0.1634419709444046	0.1455746591091156	0.20535358786582947	0.2018846720457077	0.007902907207608223	0.027417568489909172	0.0027833073399960995	0.02262076549232006	0.00288914842531085	-0.04328380152583122	0.017332710325717926	-0.013003455474972725	-0.010902311652898788	-0.03741805627942085	-0.02831282839179039	-0.17120502889156342	0.05285169184207916	-0.08492574095726013	-0.0053138118237257	-0.12684263288974762	-0.028225736692547798	-0.10024337470531464	0.011989375576376915	-0.04803140461444855	
Non/colère/saine	0.6620380878448486	0.7439926266670227	0.5488317608833313	0.6954525113105774	0.6519199013710022	0.6282292008399963	1.0	0.6972162127494812	0.7100918889045715	0.5644719004631042	0.33709093928337097	0.17890070378780365	0.21796953678131104	0.18952198326587677	0.3258516788482666	0.20865663886070251	0.2550928592681885	0.08320301026105881	0.30555132031440735	0.3263249099254608	0.06933371722698212	0.053311701864004135	0.07422986626625061	0.07829918712377548	0.03375817462801933	0.030163027346134186	0.05381269380450249	0.04434492066502571	0.06718708574771881	0.06505157798528671	-0.003482773434370756	-0.1946764588356018	0.09326131641864777	-0.1312316209077835	-0.08781088888645172	-0.12041639536619186	-0.03219548612833023	-0.04429030418395996	0.06297304481267929	-0.09700413793325424	
Non/colère/saine	0.5962549448013306	0.6399391889572144	0.5162103772163391	0.825371265411377	0.6727524995803833	0.6920113563537598	0.6972162127494812	1.0	0.5215075612068176	0.49789363145828247	0.1806555986404419	0.10241153091192245	0.15952420234680176	0.24089732766151428	0.17643199861049652	0.21385794878005981	0.15006139874458313	0.1312616914510727	0.21106025576591492	0.21005280315876007	0.03342761471867561	0.027868805453181267	0.04423205554485321	0.022400107234716415	0.01227494701743126	0.012712539173662663	0.03152231127023697	0.009999657049775124	0.002588470233604312	0.03363344445824623	0.012303168885409832	-0.15879248082637787	0.09747276455163956	-0.10233306139707565	0.005706313066184521	-0.1156109943985939	0.012044278904795647	-0.019436120986938477	-0.003884254489094019	0.030773228034377098	
Non/colères/saines	0.5030802488327026	0.5914060473442078	0.4359687268733978	0.5539245009422302	0.4937901198863983	0.5115289092063904	0.7100918889045715	0.5215075612068176	1.0	0.6144318580627441	0.24383030831813812	0.167960524559021	0.19984817504882812	0.25020846724510193	0.22238196432590485	0.2744544744491577	0.3169160485267639	0.11058445274829865	0.2579996585845947	0.2761214077472687	-0.03756044805049896	-0.06553425639867783	-0.05657971650362015	-0.05184641107916832	-0.07951366901397705	-0.10479408502578735	-0.044784996658563614	-0.07182824611663818	-0.0784880667924881	-0.041364170610904694	0.014627787284553051	-0.09885289520025253	-0.05525598302483559	-0.02109537087380886	-0.032551202923059464	-0.08461546897888184	-0.08111093938350677	-0.07309821248054504	0.0005104309529997408	-0.036532673984766006	
Non/colères/saines	0.5728281736373901	0.5391137003898621	0.31206467747688293	0.5727304816246033	0.39983004331588745	0.46462997794151306	0.5644719004631042	0.49789363145828247	0.6144318580627441	1.0	0.18633964657783508	0.13204368948936462	0.1910039782524109	0.27176928520202637	0.1810886114835739	0.31076371669769287	0.267233282327652	0.12086346000432968	0.3283669650554657	0.31152915954589844	0.00031075309379957616	-0.07045816630125046	-0.012824405916035175	-0.04151272773742676	-0.08127094060182571	-0.04040876403450966	-0.04029978811740875	-0.1507217288017273	-0.07881534844636917	-0.022697901353240013	-0.04908357560634613	-0.14175088703632355	0.0002627758076414466	0.03678823262453079	-0.005849373526871204	-0.12211126834154129	0.044946860522031784	0.044129468500614166	-0.07524383813142776	0.03665928915143013	
Oui/vie/saine	0.34895774722099304	0.35210612416267395	0.4740777015686035	0.2146572470664978	0.4066244661808014	0.21815019845962524	0.33709093928337097	0.1806555986404419	0.24383030831813812	0.18633964657783508	1.0	0.5637204647064209	0.506010115146637	0.37068450450897217	0.5843710899353027	0.21448417007923126	0.38269659876823425	0.26848363876342773	0.5032823085784912	0.43260854482650757	0.20109912753105164	0.249126136302948	0.2122393548488617	0.2208583652973175	0.21583442389965057	0.1829557865858078	0.21259590983390808	0.22773827612400055	0.16318048536777496	0.22048257291316986	0.05994889512658119	-0.1557217389345169	0.11652275174856186	-0.15238524973392487	-0.1817743480205536	-0.04999963194131851	0.017954329028725624	0.02185344137251377	0.19722291827201843	-0.08476239442825317	
Oui/personne/saine	0.18202616274356842	0.25661903619766235	0.3967764675617218	0.12349672615528107	0.30117666721343994	0.12190268188714981	0.17890070378780365	0.10241153091192245	0.167960524559021	0.13204368948936462	0.5637204647064209	1.0	0.510726273059845	0.37019211053848267	0.4601719379425049	0.3178005814552307	0.43666940927505493	0.3716406226158142	0.4571458101272583	0.32243409752845764	0.011413426138460636	0.08715548366308212	0.0016143566463142633	0.04074842855334282	0.0732695683836937	0.004848624113947153	0.05014768987894058	0.07437670230865479	0.04780729115009308	0.016669420525431633	-0.04691159352660179	-0.035248078405857086	0.0763973668217659	-0.1307584047317505	-0.11693010479211807	-0.05372215807437897	-0.08650482445955276	0.018895315006375313	0.1929926723241806	-0.010770085267722607	
Oui/peau/saine	0.19990533590316772	0.2631755471229553	0.4409666657447815	0.1447058916091919	0.3243606686592102	0.13925959169864655	0.21796953678131104	0.15952420234680176	0.19984817504882812	0.1910039782524109	0.506010115146637	0.510726273059845	1.0	0.32886961102485657	0.5676224231719971	0.2288215458393097	0.4732362926006317	0.4078032970428467	0.4517073929309845	0.35536906123161316	0.036874644458293915	0.11613573879003525	0.0650036484003067	0.13763931393623352	0.07512905448675156	0.07779444009065628	0.13784858584403992	0.1186763346195221	0.10974026471376419	0.0731150433421135	0.0796162337064743	0.07251950353384018	0.19596713781356812	0.020570622757077217	-0.07897515594959259	0.01509086973965168	-0.024732569232583046	0.14710396528244019	0.2156386375427246	0.15098093450069427	
Oui/nourriture/saine	0.29635876417160034	0.22647373378276825	0.2297372817993164	0.24089083075523376	0.2818399965763092	0.1849205046892166	0.18952198326587677	0.24089732766151428	0.25020846724510193	0.27176928520202637	0.37068450450897217	0.37019211053848267	0.32886961102485657	1.0	0.339557945728302	0.3218940794467926	0.3752094805240631	0.29397842288017273	0.5025948286056519	0.3931241035461426	0.03036939911544323	-0.009302129037678242	-0.003044601297006011	-0.025124726817011833	0.017136141657829285	0.00808595772832632	0.025201275944709778	0.01858920231461525	-0.04410749673843384	0.05447835847735405	-0.03562973812222481	-0.12427353113889694	-0.11333487927913666	-0.11241243034601212	-0.08104555308818817	-0.05029233172535896	-0.053026095032691956	-0.09998954087495804	0.03005298227071762	-0.11189836263656616	
Oui/chair/saine	0.3409734070301056	0.32981613278388977	0.46320217847824097	0.24126163125038147	0.39969760179519653	0.1824941784143448	0.3258516788482666	0.17643199861049652	0.22238196432590485	0.1810886114835739	0.5843710899353027	0.4601719379425049	0.5676224231719971	0.339557945728302	1.0	0.17803430557250977	0.3702966868877411	0.2680407762527466	0.5859968662261963	0.41666650772094727	0.07144929468631744	0.12752696871757507	0.08066216856241226	0.1514066904783249	0.11478016525506973	0.10620183497667313	0.13019704818725586	0.16205045580863953	0.1491941660642624	0.12070276588201523	0.05950675904750824	-0.022138571366667747	0.1304413229227066	-0.030134156346321106	-0.13983450829982758	0.03830781951546669	-0.04566480219364166	0.04723299294710159	0.08149643242359161	-0.05729672312736511	
Oui/écorces/saines	0.28837934136390686	0.22461210191249847	0.18431201577186584	0.23962941765785217	0.24670574069023132	0.21606925129890442	0.20865663886070251	0.21385794878005981	0.2744544744491577	0.31076371669769287	0.21448417007923126	0.3178005814552307	0.2288215458393097	0.3218940794467926	0.17803430557250977	1.0	0.4176459014415741	0.23218338191509247	0.3434414565563202	0.404987096786499	-0.08213994652032852	-0.08135239034891129	-0.10960667580366135	-0.0946645736694336	-0.08499479293823242	-0.12702375650405884	-0.05608205124735832	-0.07975863665342331	-0.14473240077495575	-0.08398423343896866	-0.02428794465959072	0.01835186779499054	-0.09570127725601196	0.05500168353319168	-0.005620570853352547	-0.07420989125967026	-0.06730050593614578	-0.08727896958589554	-0.010317761451005936	-0.035227227956056595	
Oui/dents/saines	0.3228289783000946	0.28325122594833374	0.27879419922828674	0.1831972450017929	0.28211644291877747	0.1634419709444046	0.2550928592681885	0.15006139874458313	0.3169160485267639	0.267233282327652	0.38269659876823425	0.43666940927505493	0.4732362926006317	0.3752094805240631	0.3702966868877411	0.4176459014415741	1.0	0.40913626551628113	0.438455194234848	0.38149595260620117	0.006688850000500679	0.03434660658240318	-0.017417453229427338	0.03394843265414238	-0.027154238894581795	-0.010718148201704025	0.041785940527915955	0.05390278622508049	-0.06281457841396332	0.0093667171895504	0.11031754314899445	0.05377320945262909	-0.040854573249816895	0.1189054548740387	0.046481192111968994	0.0966571494936943	-0.10409904271364212	-0.04979345574975014	0.1106899306178093	-0.05379284918308258	
Oui/bouche/saine	0.1864728033542633	0.13617634773254395	0.20825046300888062	0.1416512280702591	0.22548280656337738	0.1455746591091156	0.08320301026105881	0.1312616914510727	0.11058445274829865	0.12086346000432968	0.26848363876342773	0.3716406226158142	0.4078032970428467	0.29397842288017273	0.2680407762527466	0.23218338191509247	0.40913626551628113	1.0	0.3087180256843567	0.19057682156562805	0.029569009318947792	0.07670300453901291	0.008522002026438713	0.07023962587118149	0.05540895462036133	0.04386688023805618	0.05427728220820427	0.09046341478824615	-0.026269735768437386	0.04272890463471413	0.07951955497264862	0.19393110275268555	0.09204816818237305	0.09998038411140442	0.047734733670949936	0.13788482546806335	-0.035512253642082214	0.0832817330956459	0.14435778558254242	0.10526745766401291	
Oui/jambe/saine	0.45641210675239563	0.3361463248729706	0.33424660563468933	0.30675262212753296	0.34427961707115173	0.20535358786582947	0.30555132031440735	0.21106025576591492	0.2579996585845947	0.3283669650554657	0.5032823085784912	0.4571458101272583	0.4517073929309845	0.5025948286056519	0.5859968662261963	0.3434414565563202	0.438455194234848	0.3087180256843567	1.0	0.5186049938201904	0.11473719775676727	0.1184023767709732	0.09821797162294388	0.11118702590465546	0.08857541531324387	0.1107013076543808	0.07256720960140228	0.12025810033082962	0.09908252954483032	0.14155274629592896	-0.014593452215194702	-0.030909808352589607	-0.06496845930814743	-0.04589294642210007	-0.13604705035686493	-0.019001560285687447	0.014221764169633389	0.0011694495333358645	0.05879686772823334	-0.08904236555099487	
Oui/feuilles/saines	0.3871992230415344	0.3048989772796631	0.2855534255504608	0.2554858922958374	0.35634371638298035	0.2018846720457077	0.3263249099254608	0.21005280315876007	0.2761214077472687	0.31152915954589844	0.43260854482650757	0.32243409752845764	0.35536906123161316	0.3931241035461426	0.41666650772094727	0.404987096786499	0.38149595260620117	0.19057682156562805	0.5186049938201904	1.0	0.022144297137856483	0.026719341054558754	0.01785069890320301	0.044031813740730286	0.01516309566795826	0.0035589151084423065	0.015026175417006016	0.06591077893972397	0.050710175186395645	0.054036445915699005	0.017257608473300934	-0.06049584224820137	-0.025596272200345993	-0.06808115541934967	-0.12307021021842957	-0.08387389034032822	-0.022952664643526077	-0.0701138898730278	0.055392391979694366	-0.12172779440879822	
Non/soleil/plomb	0.11162582039833069	0.028700752183794975	0.10945771634578705	0.015230337157845497	0.11107121407985687	0.007902907207608223	0.06933371722698212	0.03342761471867561	-0.03756044805049896	0.00031075309379957616	0.20109912753105164	0.011413426138460636	0.036874644458293915	0.03036939911544323	0.07144929468631744	-0.08213994652032852	0.006688850000500679	0.029569009318947792	0.11473719775676727	0.022144297137856483	1.0	0.8812704682350159	0.9056798219680786	0.8532758355140686	0.8930479288101196	0.9015710353851318	0.807295024394989	0.7693160772323608	0.6245450973510742	0.8537203073501587	0.23618938028812408	-0.02390795573592186	0.3929165005683899	0.058891307562589645	0.12381365895271301	0.07177727669477463	0.46743881702423096	0.2538430392742157	0.3121783137321472	0.15995891392230988	
Non/soleil/plomb	0.11781542003154755	0.03266778960824013	0.14700554311275482	0.016273658722639084	0.17485007643699646	0.027417568489909172	0.053311701864004135	0.027868805453181267	-0.06553425639867783	-0.07045816630125046	0.249126136302948	0.08715548366308212	0.11613573879003525	-0.009302129037678242	0.12752696871757507	-0.08135239034891129	0.03434660658240318	0.07670300453901291	0.1184023767709732	0.026719341054558754	0.8812704682350159	1.0	0.8868440389633179	0.884231448173523	0.8828907608985901	0.8405224680900574	0.8397828340530396	0.7989692687988281	0.6775129437446594	0.8110938668251038	0.2475997507572174	-0.012118731625378132	0.4197598099708557	0.02423367090523243	0.08363761752843857	0.06070294231176376	0.419357568025589	0.23107494413852692	0.36617976427078247	0.11692342907190323	
Non/soleil/plomb	0.08037479221820831	0.019648078829050064	0.13550913333892822	0.011802311055362225	0.11907974630594254	0.0027833073399960995	0.07422986626625061	0.04423205554485321	-0.05657971650362015	-0.012824405916035175	0.2122393548488617	0.0016143566463142633	0.0650036484003067	-0.003044601297006011	0.08066216856241226	-0.10960667580366135	-0.017417453229427338	0.008522002026438713	0.09821797162294388	0.01785069890320301	0.9056798219680786	0.8868440389633179	1.0	0.8655944466590881	0.8887327313423157	0.86944979429245	0.8367832899093628	0.7671212553977966	0.6843910217285156	0.8575111627578735	0.2437640279531479	-0.008543956093490124	0.43530896306037903	0.04416812211275101	0.10254478454589844	0.04359962046146393	0.5004228353500366	0.28132370114326477	0.3512423634529114	0.18486452102661133	
Non/soleil/plomb	0.10432387888431549	0.03421209007501602	0.18128304183483124	0.02421647682785988	0.1681346893310547	0.02262076549232006	0.07829918712377548	0.022400107234716415	-0.05184641107916832	-0.04151272773742676	0.2208583652973175	0.04074842855334282	0.13763931393623352	-0.025124726817011833	0.1514066904783249	-0.0946645736694336	0.03394843265414238	0.07023962587118149	0.11118702590465546	0.044031813740730286	0.8532758355140686	0.884231448173523	0.8655944466590881	1.0	0.8888751864433289	0.8571953773498535	0.863071858882904	0.8653247356414795	0.6693634986877441	0.839781641960144	0.2671798765659332	0.01960715278983116	0.47358033061027527	0.09947843104600906	0.14228494465351105	0.07512547075748444	0.3916487693786621	0.2651486098766327	0.3425161838531494	0.162316232919693	
Non/soleil/plomb	0.02679404802620411	-0.011799419298768044	0.16622237861156464	-0.009317939169704914	0.10845468193292618	0.00288914842531085	0.03375817462801933	0.01227494701743126	-0.07951366901397705	-0.08127094060182571	0.21583442389965057	0.0732695683836937	0.07512905448675156	0.017136141657829285	0.11478016525506973	-0.08499479293823242	-0.027154238894581795	0.05540895462036133	0.08857541531324387	0.01516309566795826	0.8930479288101196	0.8828907608985901	0.8887327313423157	0.8888751864433289	1.0	0.8617762327194214	0.8173374533653259	0.8206866383552551	0.6981022953987122	0.8331640362739563	0.17971861362457275	0.006414186209440231	0.40267467498779297	0.018471375107765198	0.06673940271139145	0.03679342567920685	0.40989574790000916	0.2465265393257141	0.32456061244010925	0.17808623611927032	
Non/soleil/plomb	0.0912073478102684	-0.0165777038782835	0.10598339885473251	-0.001526659238152206	0.09233047068119049	-0.04328380152583122	0.030163027346134186	0.012712539173662663	-0.10479408502578735	-0.04040876403450966	0.1829557865858078	0.004848624113947153	0.07779444009065628	0.00808595772832632	0.10620183497667313	-0.12702375650405884	-0.010718148201704025	0.04386688023805618	0.1107013076543808	0.0035589151084423065	0.9015710353851318	0.8405224680900574	0.86944979429245	0.8571953773498535	0.8617762327194214	1.0	0.7914459109306335	0.8196050524711609	0.6393532752990723	0.8831714987754822	0.2123933732509613	0.0007927040569484234	0.4013076424598694	0.04164522886276245	0.12236300110816956	0.113465815782547	0.39379993081092834	0.29488444328308105	0.27453136444091797	0.20136995613574982	
Non/soleil/plomb	0.07759704440832138	0.01881159283220768	0.1613888442516327	0.015782158821821213	0.15099912881851196	0.017332710325717926	0.05381269380450249	0.03152231127023697	-0.044784996658563614	-0.04029978811740875	0.21259590983390808	0.05014768987894058	0.13784858584403992	0.025201275944709778	0.13019704818725586	-0.05608205124735832	0.041785940527915955	0.05427728220820427	0.07256720960140228	0.015026175417006016	0.807295024394989	0.8397828340530396	0.8367832899093628	0.863071858882904	0.8173374533653259	0.7914459109306335	1.0	0.8122525215148926	0.6535831093788147	0.8236174583435059	0.29194945096969604	0.009707675315439701	0.4840260446071625	0.09710001200437546	0.15834751725196838	0.09812519699335098	0.3698285222053528	0.27502942085266113	0.3920372426509857	0.17554925382137299	
Non/soleil/plomb	0.054564159363508224	0.0067339069209992886	0.16614378988742828	-0.021998276934027672	0.14178745448589325	-0.013003455474972725	0.04434492066502571	0.009999657049775124	-0.07182824611663818	-0.1507217288017273	0.22773827612400055	0.07437670230865479	0.1186763346195221	0.01858920231461525	0.16205045580863953	-0.07975863665342331	0.05390278622508049	0.09046341478824615	0.12025810033082962	0.06591077893972397	0.7693160772323608	0.7989692687988281	0.7671212553977966	0.8653247356414795	0.8206866383552551	0.8196050524711609	0.8122525215148926	1.0	0.6586084961891174	0.7915379405021667	0.22161635756492615	-0.005327917169779539	0.3999486565589905	0.03365102782845497	0.10721782594919205	0.10456227511167526	0.29955804347991943	0.22082871198654175	0.3438156545162201	0.11890998482704163	
Non/soleil/plomb	0.007777155842632055	0.02455820143222809	0.16842718422412872	-0.03395436331629753	0.09275539219379425	-0.010902311652898788	0.06718708574771881	0.002588470233604312	-0.0784880667924881	-0.07881534844636917	0.16318048536777496	0.04780729115009308	0.10974026471376419	-0.04410749673843384	0.1491941660642624	-0.14473240077495575	-0.06281457841396332	-0.026269735768437386	0.09908252954483032	0.050710175186395645	0.6245450973510742	0.6775129437446594	0.6843910217285156	0.6693634986877441	0.6981022953987122	0.6393532752990723	0.6535831093788147	0.6586084961891174	1.0	0.6190426349639893	0.13746610283851624	0.012643004767596722	0.38137567043304443	0.028482701629400253	0.057475313544273376	0.07667197287082672	0.36197221279144287	0.2764309048652649	0.35671648383140564	0.155050128698349	
Non/soleil/plomb	0.09967338293790817	-0.00943089835345745	0.12201528996229172	0.019575610756874084	0.10345187038183212	-0.03741805627942085	0.06505157798528671	0.03363344445824623	-0.041364170610904694	-0.022697901353240013	0.22048257291316986	0.016669420525431633	0.0731150433421135	0.05447835847735405	0.12070276588201523	-0.08398423343896866	0.0093667171895504	0.04272890463471413	0.14155274629592896	0.054036445915699005	0.8537203073501587	0.8110938668251038	0.8575111627578735	0.839781641960144	0.8331640362739563	0.8831714987754822	0.8236174583435059	0.7915379405021667	0.6190426349639893	1.0	0.21430669724941254	-0.0032705352641642094	0.39255523681640625	0.04884013161063194	0.12635739147663116	0.1277061253786087	0.41044938564300537	0.29906561970710754	0.3311654329299927	0.1457643359899521	
Oui/balles/plomb	0.1852259337902069	0.0788666233420372	-0.0009231627336703241	0.021448874846100807	0.16066719591617584	-0.02831282839179039	-0.003482773434370756	0.012303168885409832	0.014627787284553051	-0.04908357560634613	0.05994889512658119	-0.04691159352660179	0.0796162337064743	-0.03562973812222481	0.05950675904750824	-0.02428794465959072	0.11031754314899445	0.07951955497264862	-0.014593452215194702	0.017257608473300934	0.23618938028812408	0.2475997507572174	0.2437640279531479	0.2671798765659332	0.17971861362457275	0.2123933732509613	0.29194945096969604	0.22161635756492615	0.13746610283851624	0.21430669724941254	1.0	0.2999812066555023	0.49100545048713684	0.44335031509399414	0.5262986421585083	0.49587851762771606	0.27767881751060486	0.1989271342754364	0.2206811159849167	0.08914365619421005	
Oui/lamelles/plomb	-0.10548083484172821	-0.15851950645446777	-0.17610128223896027	-0.10544369369745255	-0.13860489428043365	-0.17120502889156342	-0.1946764588356018	-0.15879248082637787	-0.09885289520025253	-0.14175088703632355	-0.1557217389345169	-0.035248078405857086	0.07251950353384018	-0.12427353113889694	-0.022138571366667747	0.01835186779499054	0.05377320945262909	0.19393110275268555	-0.030909808352589607	-0.06049584224820137	-0.02390795573592186	-0.012118731625378132	-0.008543956093490124	0.01960715278983116	0.006414186209440231	0.0007927040569484234	0.009707675315439701	-0.005327917169779539	0.012643004767596722	-0.0032705352641642094	0.2999812066555023	1.0	0.06405269354581833	0.41624853014945984	0.23842304944992065	0.39081162214279175	0.1226433590054512	0.17991966009140015	0.11125596612691879	0.2592613697052002	
Oui/balle/plomb	0.004707410931587219	0.09961198270320892	0.24917426705360413	0.039147716015577316	0.16525715589523315	0.05285169184207916	0.09326131641864777	0.09747276455163956	-0.05525598302483559	0.0002627758076414466	0.11652275174856186	0.0763973668217659	0.19596713781356812	-0.11333487927913666	0.1304413229227066	-0.09570127725601196	-0.040854573249816895	0.09204816818237305	-0.06496845930814743	-0.025596272200345993	0.3929165005683899	0.4197598099708557	0.43530896306037903	0.47358033061027527	0.40267467498779297	0.4013076424598694	0.4840260446071625	0.3999486565589905	0.38137567043304443	0.39255523681640625	0.49100545048713684	0.06405269354581833	1.0	0.1469835489988327	0.4117618203163147	0.27742618322372437	0.3827940821647644	0.5710167288780212	0.3793751299381256	0.3259192705154419	
Oui/noyaux/plomb	0.07768119871616364	-0.025638088583946228	-0.12836436927318573	-0.045346908271312714	-0.0777197927236557	-0.08492574095726013	-0.1312316209077835	-0.10233306139707565	-0.02109537087380886	0.03678823262453079	-0.15238524973392487	-0.1307584047317505	0.020570622757077217	-0.11241243034601212	-0.030134156346321106	0.05500168353319168	0.1189054548740387	0.09998038411140442	-0.04589294642210007	-0.06808115541934967	0.058891307562589645	0.02423367090523243	0.04416812211275101	0.09947843104600906	0.018471375107765198	0.04164522886276245	0.09710001200437546	0.03365102782845497	0.028482701629400253	0.04884013161063194	0.44335031509399414	0.41624853014945984	0.1469835489988327	1.0	0.4304053485393524	0.40717464685440063	0.21316075325012207	0.22318105399608612	0.057855602353811264	0.24069488048553467	
Oui/cartouches/plomb	0.006978962104767561	-0.010669714771211147	-0.04912858456373215	0.00039165595080703497	-0.032012056559324265	-0.0053138118237257	-0.08781088888645172	0.005706313066184521	-0.032551202923059464	-0.005849373526871204	-0.1817743480205536	-0.11693010479211807	-0.07897515594959259	-0.08104555308818817	-0.13983450829982758	-0.005620570853352547	0.046481192111968994	0.047734733670949936	-0.13604705035686493	-0.12307021021842957	0.12381365895271301	0.08363761752843857	0.10254478454589844	0.14228494465351105	0.06673940271139145	0.12236300110816956	0.15834751725196838	0.10721782594919205	0.057475313544273376	0.12635739147663116	0.5262986421585083	0.23842304944992065	0.4117618203163147	0.4304053485393524	1.0	0.49652889370918274	0.24289260804653168	0.3131556212902069	0.10916800796985626	0.14794564247131348	
Oui/billes/plomb	-0.003949729260057211	-0.10571389645338058	-0.0745515376329422	-0.06919245421886444	-0.07523699849843979	-0.12684263288974762	-0.12041639536619186	-0.1156109943985939	-0.08461546897888184	-0.12211126834154129	-0.04999963194131851	-0.05372215807437897	0.01509086973965168	-0.05029233172535896	0.03830781951546669	-0.07420989125967026	0.0966571494936943	0.13788482546806335	-0.019001560285687447	-0.08387389034032822	0.07177727669477463	0.06070294231176376	0.04359962046146393	0.07512547075748444	0.03679342567920685	0.113465815782547	0.09812519699335098	0.10456227511167526	0.07667197287082672	0.1277061253786087	0.49587851762771606	0.39081162214279175	0.27742618322372437	0.40717464685440063	0.49652889370918274	1.0	0.1802200973033905	0.4562508165836334	0.1711246520280838	0.1963711678981781	
Oui/boulet/plomb	-0.005706933792680502	-0.016598451882600784	0.05290273204445839	-0.021410169079899788	-0.026492374017834663	-0.028225736692547798	-0.03219548612833023	0.012044278904795647	-0.08111093938350677	0.044946860522031784	0.017954329028725624	-0.08650482445955276	-0.024732569232583046	-0.053026095032691956	-0.04566480219364166	-0.06730050593614578	-0.10409904271364212	-0.035512253642082214	0.014221764169633389	-0.022952664643526077	0.46743881702423096	0.419357568025589	0.5004228353500366	0.3916487693786621	0.40989574790000916	0.39379993081092834	0.3698285222053528	0.29955804347991943	0.36197221279144287	0.41044938564300537	0.27767881751060486	0.1226433590054512	0.3827940821647644	0.21316075325012207	0.24289260804653168	0.1802200973033905	1.0	0.36889809370040894	0.30329975485801697	0.1826740801334381	
Oui/bille/plomb	-0.15375541150569916	-0.0681418925523758	0.15577492117881775	-0.047383468598127365	-0.08713461458683014	-0.10024337470531464	-0.04429030418395996	-0.019436120986938477	-0.07309821248054504	0.044129468500614166	0.02185344137251377	0.018895315006375313	0.14710396528244019	-0.09998954087495804	0.04723299294710159	-0.08727896958589554	-0.04979345574975014	0.0832817330956459	0.0011694495333358645	-0.0701138898730278	0.2538430392742157	0.23107494413852692	0.28132370114326477	0.2651486098766327	0.2465265393257141	0.29488444328308105	0.27502942085266113	0.22082871198654175	0.2764309048652649	0.29906561970710754	0.1989271342754364	0.17991966009140015	0.5710167288780212	0.22318105399608612	0.3131556212902069	0.4562508165836334	0.36889809370040894	1.0	0.3393459916114807	0.5014010071754456	
Oui/plaque/plomb	-0.06907566636800766	0.025630701333284378	0.20760303735733032	-0.042423065751791	0.07283060252666473	0.011989375576376915	0.06297304481267929	-0.003884254489094019	0.0005104309529997408	-0.07524383813142776	0.19722291827201843	0.1929926723241806	0.2156386375427246	0.03005298227071762	0.08149643242359161	-0.010317761451005936	0.1106899306178093	0.14435778558254242	0.05879686772823334	0.055392391979694366	0.3121783137321472	0.36617976427078247	0.3512423634529114	0.3425161838531494	0.32456061244010925	0.27453136444091797	0.3920372426509857	0.3438156545162201	0.35671648383140564	0.3311654329299927	0.2206811159849167	0.11125596612691879	0.3793751299381256	0.057855602353811264	0.10916800796985626	0.1711246520280838	0.30329975485801697	0.3393459916114807	1.0	0.20628972351551056	
Oui/coupole/plomb	-0.18927863240242004	-0.07210714370012283	0.07081075012683868	-0.04192100837826729	-0.12473173439502716	-0.04803140461444855	-0.09700413793325424	0.030773228034377098	-0.036532673984766006	0.03665928915143013	-0.08476239442825317	-0.010770085267722607	0.15098093450069427	-0.11189836263656616	-0.05729672312736511	-0.035227227956056595	-0.05379284918308258	0.10526745766401291	-0.08904236555099487	-0.12172779440879822	0.15995891392230988	0.11692342907190323	0.18486452102661133	0.162316232919693	0.17808623611927032	0.20136995613574982	0.17554925382137299	0.11890998482704163	0.155050128698349	0.1457643359899521	0.08914365619421005	0.2592613697052002	0.3259192705154419	0.24069488048553467	0.14794564247131348	0.1963711678981781	0.1826740801334381	0.5014010071754456	0.20628972351551056	1.0	