	Non/soleil/plomb	Non/soleil/plomb	Non/soleil/plomb	Non/soleil/plomb	Non/soleil/plomb	Non/soleil/plomb	Non/soleil/plomb	Non/soleil/plomb	Non/soleil/plomb	Non/soleil/plomb	Oui/balles/plomb	Oui/lamelles/plomb	Oui/balle/plomb	Oui/noyaux/plomb	Oui/cartouches/plomb	Oui/billes/plomb	Oui/boulet/plomb	Oui/bille/plomb	Oui/plaque/plomb	Oui/coupole/plomb	Non/dégoût/profond	Non/dégoût/profond	Non/dégoût/profond	Non/dégoût/profond	Non/dégoût/profond	Non/dégoût/profond	Non/dégoût/profond	Non/dégoût/profond	Non/dégoût/profond	Non/dégoût/profond	Oui/fossé/profond	Oui/galeries/profondes	Oui/gorges/profondes	Oui/puits/profond	Oui/fosse/profonde	Oui/grotte/profonde	Oui/faille/profonde	Oui/caverne/profonde	Oui/forêt/profonde	Oui/cavité/profonde
Non/soleil/plomb	1.0	0.8951682448387146	0.9190965890884399	0.8761166334152222	0.8819432258605957	0.9204068779945374	0.8874815702438354	0.8239001631736755	0.624505341053009	0.8978153467178345	0.6179314255714417	0.46053776144981384	0.7106677293777466	0.6152634024620056	0.665634274482727	0.6878179311752319	0.6530791521072388	0.7254236340522766	0.6995400190353394	0.6787126064300537	0.3764755129814148	0.4076458811759949	0.3607088029384613	0.3872816562652588	0.2637968957424164	0.33616411685943604	0.3014388382434845	0.3092275857925415	0.36152416467666626	0.23443034291267395	0.3657570481300354	0.19598472118377686	-0.05015282705426216	0.36616605520248413	0.23504678905010223	0.30815911293029785	0.3428897261619568	0.25485047698020935	0.29692503809928894	0.30218207836151123	
Non/soleil/plomb	0.8951682448387146	1.0	0.9086250066757202	0.8841890692710876	0.8868165612220764	0.8719300627708435	0.8759899735450745	0.8452175259590149	0.6733908653259277	0.8683567643165588	0.5952141284942627	0.46873584389686584	0.6844099164009094	0.6421921849250793	0.669196367263794	0.6640549898147583	0.6131501197814941	0.7214904427528381	0.6736747026443481	0.6737348437309265	0.31256136298179626	0.39786410331726074	0.3338296115398407	0.3664727509021759	0.21650274097919464	0.27795901894569397	0.2477167844772339	0.2888650894165039	0.36876633763313293	0.1863238364458084	0.3127198815345764	0.2130139321088791	-0.02824927307665348	0.33583864569664	0.24373067915439606	0.3026633858680725	0.29604095220565796	0.2491045445203781	0.24789683520793915	0.31906649470329285	
Non/soleil/plomb	0.9190965890884399	0.9086250066757202	1.0	0.8988037109375	0.8863524198532104	0.8851801156997681	0.904960036277771	0.838741660118103	0.7234064340591431	0.8874656558036804	0.6537595987319946	0.5199945569038391	0.719392716884613	0.691344141960144	0.7308174967765808	0.7076280117034912	0.6534882187843323	0.7354036569595337	0.725630521774292	0.7032576203346252	0.29428401589393616	0.3583435118198395	0.32951465249061584	0.3442493677139282	0.18913212418556213	0.2629619240760803	0.24656492471694946	0.2508690059185028	0.3238457441329956	0.1653180718421936	0.29404526948928833	0.22381605207920074	-0.02850235439836979	0.31614139676094055	0.2113502323627472	0.2750653028488159	0.279465913772583	0.22221589088439941	0.25520795583724976	0.28542226552963257	
Non/soleil/plomb	0.8761166334152222	0.8841890692710876	0.8988037109375	1.0	0.9325247406959534	0.8724322319030762	0.897245466709137	0.9179525971412659	0.7028185129165649	0.8996404409408569	0.6302401423454285	0.4218347668647766	0.6875318288803101	0.6498329043388367	0.7405642867088318	0.7100019454956055	0.5933655500411987	0.7244766354560852	0.6854842901229858	0.6754360795021057	0.3130233883857727	0.36687102913856506	0.3576048016548157	0.35756027698516846	0.27003294229507446	0.33170750737190247	0.2765652537345886	0.28672465682029724	0.350669801235199	0.2058706134557724	0.3210523724555969	0.14466862380504608	-0.020528824999928474	0.3593432903289795	0.25350385904312134	0.2921483814716339	0.3184513449668884	0.28826501965522766	0.28620973229408264	0.3233884572982788	
Non/soleil/plomb	0.8819432258605957	0.8868165612220764	0.8863524198532104	0.9325247406959534	1.0	0.8689791560173035	0.8737496137619019	0.8753001689910889	0.7283756136894226	0.8747672438621521	0.5802951455116272	0.4364706873893738	0.6369224190711975	0.6238940954208374	0.6667677760124207	0.6497607827186584	0.5925552248954773	0.6616414785385132	0.6375220417976379	0.6360799074172974	0.28755983710289	0.34701085090637207	0.32227328419685364	0.3179752826690674	0.22329677641391754	0.28712382912635803	0.2237432599067688	0.26001259684562683	0.3198780417442322	0.18336273729801178	0.27327147126197815	0.17712926864624023	0.0035404858645051718	0.3018207550048828	0.1884690523147583	0.24116918444633484	0.26224562525749207	0.22337670624256134	0.22290609776973724	0.25637349486351013	
Non/soleil/plomb	0.9204068779945374	0.8719300627708435	0.8851801156997681	0.8724322319030762	0.8689791560173035	1.0	0.8585060238838196	0.8739652633666992	0.6210684180259705	0.9165387749671936	0.5596413016319275	0.42627787590026855	0.6667262315750122	0.594958484172821	0.6604890823364258	0.6785657405853271	0.5999743342399597	0.7078529000282288	0.6501325964927673	0.6474499106407166	0.3959982395172119	0.46324723958969116	0.39912256598472595	0.4071122705936432	0.2628162205219269	0.3296140730381012	0.29312753677368164	0.34248948097229004	0.3799050748348236	0.25710490345954895	0.403214693069458	0.2204761803150177	0.012048257514834404	0.3805893659591675	0.28113406896591187	0.32098478078842163	0.3439457416534424	0.2516639530658722	0.2930407226085663	0.30231961607933044	
Non/soleil/plomb	0.8874815702438354	0.8759899735450745	0.904960036277771	0.897245466709137	0.8737496137619019	0.8585060238838196	1.0	0.8576735258102417	0.6985471248626709	0.8916669487953186	0.6595183610916138	0.4976857602596283	0.7381352782249451	0.7010164856910706	0.7154005169868469	0.7343242764472961	0.6329928636550903	0.7365191578865051	0.7554019093513489	0.7164099812507629	0.2675509750843048	0.32696375250816345	0.3007466495037079	0.3167765438556671	0.19914737343788147	0.250806599855423	0.22972464561462402	0.23918417096138	0.3064621090888977	0.1581135392189026	0.2612614631652832	0.17324094474315643	-0.022980529814958572	0.31468063592910767	0.22186096012592316	0.2768813669681549	0.30922001600265503	0.2604883313179016	0.2751941680908203	0.2997720241546631	
Non/soleil/plomb	0.8239001631736755	0.8452175259590149	0.838741660118103	0.9179525971412659	0.8753001689910889	0.8739652633666992	0.8576735258102417	1.0	0.667903482913971	0.9002167582511902	0.5822363495826721	0.3607954978942871	0.6214351654052734	0.5807214379310608	0.6761911511421204	0.6778146624565125	0.5251520872116089	0.6661873459815979	0.6150625348091125	0.60671466588974	0.32950669527053833	0.39169174432754517	0.3345728814601898	0.3699995279312134	0.27794915437698364	0.3325751721858978	0.27721795439720154	0.27855032682418823	0.3417218029499054	0.24154521524906158	0.3328913748264313	0.12909571826457977	-0.019622957333922386	0.36132851243019104	0.27728593349456787	0.296530157327652	0.34328776597976685	0.31933170557022095	0.30646973848342896	0.32119786739349365	
Non/soleil/plomb	0.624505341053009	0.6733908653259277	0.7234064340591431	0.7028185129165649	0.7283756136894226	0.6210684180259705	0.6985471248626709	0.667903482913971	1.0	0.6893501281738281	0.6478348970413208	0.5551229119300842	0.6319806575775146	0.7551699280738831	0.6852502822875977	0.6846330761909485	0.634471595287323	0.6452073454856873	0.6815146207809448	0.684180736541748	0.17059993743896484	0.2262689769268036	0.2370787411928177	0.2474793642759323	0.142229363322258	0.17534048855304718	0.17194335162639618	0.16781023144721985	0.24038557708263397	0.13461081683635712	0.1981775015592575	0.18917696177959442	0.05561848729848862	0.2542405426502228	0.11023951321840286	0.20292487740516663	0.19571807980537415	0.20665505528450012	0.22818736732006073	0.2057041972875595	
Non/soleil/plomb	0.8978153467178345	0.8683567643165588	0.8874656558036804	0.8996404409408569	0.8747672438621521	0.9165387749671936	0.8916669487953186	0.9002167582511902	0.6893501281738281	1.0	0.6377526521682739	0.4628722071647644	0.6853612065315247	0.6489787697792053	0.7084625959396362	0.73511803150177	0.6085667014122009	0.7228652834892273	0.6970510482788086	0.6655551791191101	0.33035212755203247	0.3868955075740814	0.3599209785461426	0.3821045756340027	0.24696825444698334	0.29879480600357056	0.2722693085670471	0.28937336802482605	0.3469729423522949	0.22030141949653625	0.34064504504203796	0.16005124151706696	-0.02714819461107254	0.3596615195274353	0.2511967718601227	0.2914188802242279	0.3142938017845154	0.2555294334888458	0.2953246235847473	0.2771117687225342	
Oui/balles/plomb	0.6179314255714417	0.5952141284942627	0.6537595987319946	0.6302401423454285	0.5802951455116272	0.5596413016319275	0.6595183610916138	0.5822363495826721	0.6478348970413208	0.6377526521682739	1.0	0.6708911657333374	0.8342899680137634	0.7981356382369995	0.8479834794998169	0.8752736449241638	0.6739923357963562	0.8285509943962097	0.8296488523483276	0.8102598190307617	0.18387934565544128	0.22833096981048584	0.26079970598220825	0.27393224835395813	0.1535782516002655	0.17061102390289307	0.18332117795944214	0.16388094425201416	0.2386080026626587	0.09554553031921387	0.2718995213508606	0.16401460766792297	0.024816015735268593	0.3266451358795166	0.20455558598041534	0.2725297808647156	0.2926652133464813	0.23984688520431519	0.2728351652622223	0.30305150151252747	
Oui/lamelles/plomb	0.46053776144981384	0.46873584389686584	0.5199945569038391	0.4218347668647766	0.4364706873893738	0.42627787590026855	0.4976857602596283	0.3607954978942871	0.5551229119300842	0.4628722071647644	0.6708911657333374	1.0	0.6042101383209229	0.7063688635826111	0.6227729916572571	0.627740740776062	0.5139073729515076	0.5929791331291199	0.6642367839813232	0.657384991645813	0.0634458065032959	0.1484917253255844	0.12025102972984314	0.1258922666311264	0.0020356676541268826	-0.005205273628234863	0.055130720138549805	0.035873960703611374	0.14276307821273804	0.005662550684064627	0.1355687379837036	0.29859036207199097	0.1251874715089798	0.1429591178894043	0.049971286207437515	0.1444043070077896	0.06647755950689316	0.019032839685678482	0.10263890773057938	0.10101526230573654	
Oui/balle/plomb	0.7106677293777466	0.6844099164009094	0.719392716884613	0.6875318288803101	0.6369224190711975	0.6667262315750122	0.7381352782249451	0.6214351654052734	0.6319806575775146	0.6853612065315247	0.8342899680137634	0.6042101383209229	1.0	0.781594455242157	0.8414714336395264	0.8511334657669067	0.7314782738685608	0.8697782754898071	0.8665884733200073	0.8397729396820068	0.2745811641216278	0.36828550696372986	0.3477709889411926	0.3864938020706177	0.23546095192432404	0.2553682029247284	0.2556270658969879	0.28524050116539	0.32638975977897644	0.1743450164794922	0.3733755350112915	0.13289301097393036	-0.05273167043924332	0.413108229637146	0.27054208517074585	0.36356237530708313	0.3573680818080902	0.29302701354026794	0.3456774353981018	0.34795844554901123	
Oui/noyaux/plomb	0.6152634024620056	0.6421921849250793	0.691344141960144	0.6498329043388367	0.6238940954208374	0.594958484172821	0.7010164856910706	0.5807214379310608	0.7551699280738831	0.6489787697792053	0.7981356382369995	0.7063688635826111	0.781594455242157	1.0	0.7988350987434387	0.8238377571105957	0.6987318396568298	0.8044263124465942	0.8203630447387695	0.8669288754463196	0.15262936055660248	0.23185937106609344	0.23123623430728912	0.2649766206741333	0.1170787587761879	0.13580827414989471	0.1510358303785324	0.16412250697612762	0.22096027433872223	0.07809417694807053	0.22623811662197113	0.1547003984451294	-0.0077035920694470406	0.29354462027549744	0.12189944088459015	0.2607056498527527	0.22681407630443573	0.185695081949234	0.23085694015026093	0.23162153363227844	
Oui/cartouches/plomb	0.665634274482727	0.669196367263794	0.7308174967765808	0.7405642867088318	0.6667677760124207	0.6604890823364258	0.7154005169868469	0.6761911511421204	0.6852502822875977	0.7084625959396362	0.8479834794998169	0.6227729916572571	0.8414714336395264	0.7988350987434387	1.0	0.8590673804283142	0.6319385170936584	0.8077676296234131	0.8046806454658508	0.7913561463356018	0.24378882348537445	0.30369317531585693	0.346828430891037	0.32226231694221497	0.22445791959762573	0.26258835196495056	0.23508445918560028	0.25853806734085083	0.2990305721759796	0.16725321114063263	0.3269641697406769	0.21074755489826202	0.07394963502883911	0.35151201486587524	0.26737913489341736	0.2745985686779022	0.27991169691085815	0.2664124071598053	0.2759082317352295	0.3567512035369873	
Oui/billes/plomb	0.6878179311752319	0.6640549898147583	0.7076280117034912	0.7100019454956055	0.6497607827186584	0.6785657405853271	0.7343242764472961	0.6778146624565125	0.6846330761909485	0.73511803150177	0.8752736449241638	0.627740740776062	0.8511334657669067	0.8238377571105957	0.8590673804283142	1.0	0.7234711647033691	0.9014216065406799	0.8424738049507141	0.8567771315574646	0.25585851073265076	0.3311813473701477	0.3253437876701355	0.35815131664276123	0.21344351768493652	0.22960537672042847	0.22935284674167633	0.2371004819869995	0.30031320452690125	0.1541576385498047	0.3547250032424927	0.11843916028738022	-0.03857159987092018	0.41452571749687195	0.2489219605922699	0.3203205168247223	0.34507304430007935	0.28839969635009766	0.3362879157066345	0.33488479256629944	
Oui/boulet/plomb	0.6530791521072388	0.6131501197814941	0.6534882187843323	0.5933655500411987	0.5925552248954773	0.5999743342399597	0.6329928636550903	0.5251520872116089	0.634471595287323	0.6085667014122009	0.6739923357963562	0.5139073729515076	0.7314782738685608	0.6987318396568298	0.6319385170936584	0.7234711647033691	1.0	0.7324188351631165	0.6971099972724915	0.7115349173545837	0.22438372671604156	0.31567102670669556	0.27041295170783997	0.3350699841976166	0.18396732211112976	0.19960050284862518	0.2308679074048996	0.2070845514535904	0.2723121643066406	0.14218565821647644	0.3386124074459076	0.11179528385400772	-0.0349789597094059	0.37976130843162537	0.21319924294948578	0.3262091279029846	0.30594950914382935	0.2330814003944397	0.30855533480644226	0.2690112888813019	
Oui/bille/plomb	0.7254236340522766	0.7214904427528381	0.7354036569595337	0.7244766354560852	0.6616414785385132	0.7078529000282288	0.7365191578865051	0.6661873459815979	0.6452073454856873	0.7228652834892273	0.8285509943962097	0.5929791331291199	0.8697782754898071	0.8044263124465942	0.8077676296234131	0.9014216065406799	0.7324188351631165	1.0	0.844075083732605	0.8672588467597961	0.2791835367679596	0.37201356887817383	0.3662148416042328	0.37054508924484253	0.22084946930408478	0.24272240698337555	0.24782869219779968	0.28117725253105164	0.33429282903671265	0.16996736824512482	0.36498144268989563	0.10989677906036377	-0.07192874699831009	0.4367351830005646	0.28148260712623596	0.37269505858421326	0.3589424192905426	0.2993117570877075	0.3459063768386841	0.33655697107315063	
Oui/plaque/plomb	0.6995400190353394	0.6736747026443481	0.725630521774292	0.6854842901229858	0.6375220417976379	0.6501325964927673	0.7554019093513489	0.6150625348091125	0.6815146207809448	0.6970510482788086	0.8296488523483276	0.6642367839813232	0.8665884733200073	0.8203630447387695	0.8046806454658508	0.8424738049507141	0.6971099972724915	0.844075083732605	1.0	0.8647091388702393	0.22377943992614746	0.2786482274532318	0.29173848032951355	0.3234163820743561	0.16324691474437714	0.1957894116640091	0.21446669101715088	0.22409354150295258	0.2712250053882599	0.11142221093177795	0.2930852770805359	0.14643555879592896	-0.04960750415921211	0.35731241106987	0.21666701138019562	0.3306314945220947	0.3183649182319641	0.2544998824596405	0.2984265685081482	0.3017721474170685	
Oui/coupole/plomb	0.6787126064300537	0.6737348437309265	0.7032576203346252	0.6754360795021057	0.6360799074172974	0.6474499106407166	0.7164099812507629	0.60671466588974	0.684180736541748	0.6655551791191101	0.8102598190307617	0.657384991645813	0.8397729396820068	0.8669288754463196	0.7913561463356018	0.8567771315574646	0.7115349173545837	0.8672588467597961	0.8647091388702393	1.0	0.2301032394170761	0.30982518196105957	0.2998437285423279	0.3373169004917145	0.1842738538980484	0.2072325348854065	0.20398548245429993	0.23941604793071747	0.2926100492477417	0.13420416414737701	0.315775066614151	0.11595236510038376	-0.08446802198886871	0.3661331832408905	0.17255379259586334	0.3129051625728607	0.29601460695266724	0.22837704420089722	0.2804800570011139	0.2705634832382202	
Non/dégoût/profond	0.3764755129814148	0.31256136298179626	0.29428401589393616	0.3130233883857727	0.28755983710289	0.3959982395172119	0.2675509750843048	0.32950669527053833	0.17059993743896484	0.33035212755203247	0.18387934565544128	0.0634458065032959	0.2745811641216278	0.15262936055660248	0.24378882348537445	0.25585851073265076	0.22438372671604156	0.2791835367679596	0.22377943992614746	0.2301032394170761	1.0	0.7101793885231018	0.8020813465118408	0.7250112295150757	0.7750681042671204	0.8342819809913635	0.8434854745864868	0.8515689969062805	0.7791073322296143	0.840378999710083	0.5522006154060364	0.3446093499660492	0.16136683523654938	0.5391604900360107	0.38746947050094604	0.4106350839138031	0.4732300937175751	0.4362920820713043	0.38840246200561523	0.520176112651825	
Non/dégoût/profond	0.4076458811759949	0.39786410331726074	0.3583435118198395	0.36687102913856506	0.34701085090637207	0.46324723958969116	0.32696375250816345	0.39169174432754517	0.2262689769268036	0.3868955075740814	0.22833096981048584	0.1484917253255844	0.36828550696372986	0.23185937106609344	0.30369317531585693	0.3311813473701477	0.31567102670669556	0.37201356887817383	0.2786482274532318	0.30982518196105957	0.7101793885231018	1.0	0.6639644503593445	0.8439569473266602	0.6157695651054382	0.6280622482299805	0.6183541417121887	0.6994739770889282	0.6499468088150024	0.6858469247817993	0.7122895121574402	0.31283333897590637	0.22454491257667542	0.6469874382019043	0.47539952397346497	0.46830126643180847	0.4595498740673065	0.40549254417419434	0.4123629331588745	0.41425657272338867	
Non/dégoût/profond	0.3607088029384613	0.3338296115398407	0.32951465249061584	0.3576048016548157	0.32227328419685364	0.39912256598472595	0.3007466495037079	0.3345728814601898	0.2370787411928177	0.3599209785461426	0.26079970598220825	0.12025102972984314	0.3477709889411926	0.23123623430728912	0.346828430891037	0.3253437876701355	0.27041295170783997	0.3662148416042328	0.29173848032951355	0.2998437285423279	0.8020813465118408	0.6639644503593445	1.0	0.6697530150413513	0.6787011027336121	0.7595829367637634	0.7292143702507019	0.8571500778198242	0.7894264459609985	0.7315586805343628	0.5299530625343323	0.39368900656700134	0.22855831682682037	0.5608489513397217	0.4729865491390228	0.4404546916484833	0.4429094195365906	0.48589497804641724	0.38975390791893005	0.5796691179275513	
Non/dégoût/profond	0.3872816562652588	0.3664727509021759	0.3442493677139282	0.35756027698516846	0.3179752826690674	0.4071122705936432	0.3167765438556671	0.3699995279312134	0.2474793642759323	0.3821045756340027	0.27393224835395813	0.1258922666311264	0.3864938020706177	0.2649766206741333	0.32226231694221497	0.35815131664276123	0.3350699841976166	0.37054508924484253	0.3234163820743561	0.3373169004917145	0.7250112295150757	0.8439569473266602	0.6697530150413513	1.0	0.6268882751464844	0.6476648449897766	0.6647251844406128	0.6992058753967285	0.6311981678009033	0.6713203191757202	0.6473962664604187	0.22245687246322632	0.13730670511722565	0.6267201900482178	0.41356056928634644	0.47884827852249146	0.49788588285446167	0.4466665983200073	0.4516349136829376	0.42336606979370117	
Non/dégoût/profond	0.2637968957424164	0.21650274097919464	0.18913212418556213	0.27003294229507446	0.22329677641391754	0.2628162205219269	0.19914737343788147	0.27794915437698364	0.142229363322258	0.24696825444698334	0.1535782516002655	0.0020356676541268826	0.23546095192432404	0.1170787587761879	0.22445791959762573	0.21344351768493652	0.18396732211112976	0.22084946930408478	0.16324691474437714	0.1842738538980484	0.7750681042671204	0.6157695651054382	0.6787011027336121	0.6268882751464844	1.0	0.856907069683075	0.8056126832962036	0.7611607909202576	0.6475603580474854	0.8609214425086975	0.5091809630393982	0.2543187737464905	0.1336010843515396	0.5724212527275085	0.3972064256668091	0.3664197623729706	0.4471099078655243	0.4814213216304779	0.41870442032814026	0.566741406917572	
Non/dégoût/profond	0.33616411685943604	0.27795901894569397	0.2629619240760803	0.33170750737190247	0.28712382912635803	0.3296140730381012	0.250806599855423	0.3325751721858978	0.17534048855304718	0.29879480600357056	0.17061102390289307	-0.005205273628234863	0.2553682029247284	0.13580827414989471	0.26258835196495056	0.22960537672042847	0.19960050284862518	0.24272240698337555	0.1957894116640091	0.2072325348854065	0.8342819809913635	0.6280622482299805	0.7595829367637634	0.6476648449897766	0.856907069683075	1.0	0.8076146841049194	0.8180251717567444	0.7088722586631775	0.8326913118362427	0.5248655080795288	0.3445151746273041	0.16703572869300842	0.5578300356864929	0.4191300868988037	0.39933571219444275	0.47681036591529846	0.510038435459137	0.4350969195365906	0.6269157528877258	
Non/dégoût/profond	0.3014388382434845	0.2477167844772339	0.24656492471694946	0.2765652537345886	0.2237432599067688	0.29312753677368164	0.22972464561462402	0.27721795439720154	0.17194335162639618	0.2722693085670471	0.18332117795944214	0.055130720138549805	0.2556270658969879	0.1510358303785324	0.23508445918560028	0.22935284674167633	0.2308679074048996	0.24782869219779968	0.21446669101715088	0.20398548245429993	0.8434854745864868	0.6183541417121887	0.7292143702507019	0.6647251844406128	0.8056126832962036	0.8076146841049194	1.0	0.7874279022216797	0.7345409393310547	0.8439503312110901	0.46005791425704956	0.3132699728012085	0.15029609203338623	0.5211202502250671	0.40590545535087585	0.37357550859451294	0.4281022846698761	0.46079668402671814	0.4050632417201996	0.5480963587760925	
Non/dégoût/profond	0.3092275857925415	0.2888650894165039	0.2508690059185028	0.28672465682029724	0.26001259684562683	0.34248948097229004	0.23918417096138	0.27855032682418823	0.16781023144721985	0.28937336802482605	0.16388094425201416	0.035873960703611374	0.28524050116539	0.16412250697612762	0.25853806734085083	0.2371004819869995	0.2070845514535904	0.28117725253105164	0.22409354150295258	0.23941604793071747	0.8515689969062805	0.6994739770889282	0.8571500778198242	0.6992058753967285	0.7611607909202576	0.8180251717567444	0.7874279022216797	1.0	0.8170771598815918	0.8121063709259033	0.5401606559753418	0.33299291133880615	0.21230250597000122	0.5592446327209473	0.4420422315597534	0.4058397710323334	0.4241863787174225	0.4627590775489807	0.3714393079280853	0.535507082939148	
Non/dégoût/profond	0.36152416467666626	0.36876633763313293	0.3238457441329956	0.350669801235199	0.3198780417442322	0.3799050748348236	0.3064621090888977	0.3417218029499054	0.24038557708263397	0.3469729423522949	0.2386080026626587	0.14276307821273804	0.32638975977897644	0.22096027433872223	0.2990305721759796	0.30031320452690125	0.2723121643066406	0.33429282903671265	0.2712250053882599	0.2926100492477417	0.7791073322296143	0.6499468088150024	0.7894264459609985	0.6311981678009033	0.6475603580474854	0.7088722586631775	0.7345409393310547	0.8170771598815918	1.0	0.7405763864517212	0.4811800718307495	0.3551044166088104	0.16803821921348572	0.512773334980011	0.42966896295547485	0.37204718589782715	0.38618525862693787	0.4196106493473053	0.33641812205314636	0.5364832282066345	
Non/dégoût/profond	0.23443034291267395	0.1863238364458084	0.1653180718421936	0.2058706134557724	0.18336273729801178	0.25710490345954895	0.1581135392189026	0.24154521524906158	0.13461081683635712	0.22030141949653625	0.09554553031921387	0.005662550684064627	0.1743450164794922	0.07809417694807053	0.16725321114063263	0.1541576385498047	0.14218565821647644	0.16996736824512482	0.11142221093177795	0.13420416414737701	0.840378999710083	0.6858469247817993	0.7315586805343628	0.6713203191757202	0.8609214425086975	0.8326913118362427	0.8439503312110901	0.8121063709259033	0.7405763864517212	1.0	0.522250771522522	0.3310111463069916	0.2414461225271225	0.5511863231658936	0.4088519811630249	0.37458035349845886	0.4016018509864807	0.46338140964508057	0.38619446754455566	0.5081827044487	
Oui/fossé/profond	0.3657570481300354	0.3127198815345764	0.29404526948928833	0.3210523724555969	0.27327147126197815	0.403214693069458	0.2612614631652832	0.3328913748264313	0.1981775015592575	0.34064504504203796	0.2718995213508606	0.1355687379837036	0.3733755350112915	0.22623811662197113	0.3269641697406769	0.3547250032424927	0.3386124074459076	0.36498144268989563	0.2930852770805359	0.315775066614151	0.5522006154060364	0.7122895121574402	0.5299530625343323	0.6473962664604187	0.5091809630393982	0.5248655080795288	0.46005791425704956	0.5401606559753418	0.4811800718307495	0.522250771522522	1.0	0.33509936928749084	0.30046212673187256	0.7844280004501343	0.533531665802002	0.5278849601745605	0.5427713990211487	0.4499649703502655	0.5252788066864014	0.46576303243637085	
Oui/galeries/profondes	0.19598472118377686	0.2130139321088791	0.22381605207920074	0.14466862380504608	0.17712926864624023	0.2204761803150177	0.17324094474315643	0.12909571826457977	0.18917696177959442	0.16005124151706696	0.16401460766792297	0.29859036207199097	0.13289301097393036	0.1547003984451294	0.21074755489826202	0.11843916028738022	0.11179528385400772	0.10989677906036377	0.14643555879592896	0.11595236510038376	0.3446093499660492	0.31283333897590637	0.39368900656700134	0.22245687246322632	0.2543187737464905	0.3445151746273041	0.3132699728012085	0.33299291133880615	0.3551044166088104	0.3310111463069916	0.33509936928749084	1.0	0.6346976161003113	0.25045305490493774	0.2916622757911682	0.25879016518592834	0.18167105317115784	0.26174890995025635	0.1944957971572876	0.45594942569732666	
Oui/gorges/profondes	-0.05015282705426216	-0.02824927307665348	-0.02850235439836979	-0.020528824999928474	0.0035404858645051718	0.012048257514834404	-0.022980529814958572	-0.019622957333922386	0.05561848729848862	-0.02714819461107254	0.024816015735268593	0.1251874715089798	-0.05273167043924332	-0.0077035920694470406	0.07394963502883911	-0.03857159987092018	-0.0349789597094059	-0.07192874699831009	-0.04960750415921211	-0.08446802198886871	0.16136683523654938	0.22454491257667542	0.22855831682682037	0.13730670511722565	0.1336010843515396	0.16703572869300842	0.15029609203338623	0.21230250597000122	0.16803821921348572	0.2414461225271225	0.30046212673187256	0.6346976161003113	1.0	0.2141224443912506	0.34560102224349976	0.27502551674842834	0.20525018870830536	0.24389559030532837	0.23208828270435333	0.219322070479393	
Oui/puits/profond	0.36616605520248413	0.33583864569664	0.31614139676094055	0.3593432903289795	0.3018207550048828	0.3805893659591675	0.31468063592910767	0.36132851243019104	0.2542405426502228	0.3596615195274353	0.3266451358795166	0.1429591178894043	0.413108229637146	0.29354462027549744	0.35151201486587524	0.41452571749687195	0.37976130843162537	0.4367351830005646	0.35731241106987	0.3661331832408905	0.5391604900360107	0.6469874382019043	0.5608489513397217	0.6267201900482178	0.5724212527275085	0.5578300356864929	0.5211202502250671	0.5592446327209473	0.512773334980011	0.5511863231658936	0.7844280004501343	0.25045305490493774	0.2141224443912506	1.0	0.6072114109992981	0.5710863471031189	0.6178355813026428	0.588258683681488	0.6995851993560791	0.5730443596839905	
Oui/fosse/profonde	0.23504678905010223	0.24373067915439606	0.2113502323627472	0.25350385904312134	0.1884690523147583	0.28113406896591187	0.22186096012592316	0.27728593349456787	0.11023951321840286	0.2511967718601227	0.20455558598041534	0.049971286207437515	0.27054208517074585	0.12189944088459015	0.26737913489341736	0.2489219605922699	0.21319924294948578	0.28148260712623596	0.21666701138019562	0.17255379259586334	0.38746947050094604	0.47539952397346497	0.4729865491390228	0.41356056928634644	0.3972064256668091	0.4191300868988037	0.40590545535087585	0.4420422315597534	0.42966896295547485	0.4088519811630249	0.533531665802002	0.2916622757911682	0.34560102224349976	0.6072114109992981	1.0	0.7092939019203186	0.6904113292694092	0.6955494284629822	0.689713716506958	0.6625476479530334	
Oui/grotte/profonde	0.30815911293029785	0.3026633858680725	0.2750653028488159	0.2921483814716339	0.24116918444633484	0.32098478078842163	0.2768813669681549	0.296530157327652	0.20292487740516663	0.2914188802242279	0.2725297808647156	0.1444043070077896	0.36356237530708313	0.2607056498527527	0.2745985686779022	0.3203205168247223	0.3262091279029846	0.37269505858421326	0.3306314945220947	0.3129051625728607	0.4106350839138031	0.46830126643180847	0.4404546916484833	0.47884827852249146	0.3664197623729706	0.39933571219444275	0.37357550859451294	0.4058397710323334	0.37204718589782715	0.37458035349845886	0.5278849601745605	0.25879016518592834	0.27502551674842834	0.5710863471031189	0.7092939019203186	1.0	0.8281413316726685	0.7106100916862488	0.7690008878707886	0.6214643120765686	
Oui/faille/profonde	0.3428897261619568	0.29604095220565796	0.279465913772583	0.3184513449668884	0.26224562525749207	0.3439457416534424	0.30922001600265503	0.34328776597976685	0.19571807980537415	0.3142938017845154	0.2926652133464813	0.06647755950689316	0.3573680818080902	0.22681407630443573	0.27991169691085815	0.34507304430007935	0.30594950914382935	0.3589424192905426	0.3183649182319641	0.29601460695266724	0.4732300937175751	0.4595498740673065	0.4429094195365906	0.49788588285446167	0.4471099078655243	0.47681036591529846	0.4281022846698761	0.4241863787174225	0.38618525862693787	0.4016018509864807	0.5427713990211487	0.18167105317115784	0.20525018870830536	0.6178355813026428	0.6904113292694092	0.8281413316726685	1.0	0.7477284073829651	0.7979519367218018	0.6774781942367554	
Oui/caverne/profonde	0.25485047698020935	0.2491045445203781	0.22221589088439941	0.28826501965522766	0.22337670624256134	0.2516639530658722	0.2604883313179016	0.31933170557022095	0.20665505528450012	0.2555294334888458	0.23984688520431519	0.019032839685678482	0.29302701354026794	0.185695081949234	0.2664124071598053	0.28839969635009766	0.2330814003944397	0.2993117570877075	0.2544998824596405	0.22837704420089722	0.4362920820713043	0.40549254417419434	0.48589497804641724	0.4466665983200073	0.4814213216304779	0.510038435459137	0.46079668402671814	0.4627590775489807	0.4196106493473053	0.46338140964508057	0.4499649703502655	0.26174890995025635	0.24389559030532837	0.588258683681488	0.6955494284629822	0.7106100916862488	0.7477284073829651	1.0	0.7510444521903992	0.7520053386688232	
Oui/forêt/profonde	0.29692503809928894	0.24789683520793915	0.25520795583724976	0.28620973229408264	0.22290609776973724	0.2930407226085663	0.2751941680908203	0.30646973848342896	0.22818736732006073	0.2953246235847473	0.2728351652622223	0.10263890773057938	0.3456774353981018	0.23085694015026093	0.2759082317352295	0.3362879157066345	0.30855533480644226	0.3459063768386841	0.2984265685081482	0.2804800570011139	0.38840246200561523	0.4123629331588745	0.38975390791893005	0.4516349136829376	0.41870442032814026	0.4350969195365906	0.4050632417201996	0.3714393079280853	0.33641812205314636	0.38619446754455566	0.5252788066864014	0.1944957971572876	0.23208828270435333	0.6995851993560791	0.689713716506958	0.7690008878707886	0.7979519367218018	0.7510444521903992	1.0	0.6226049065589905	
Oui/cavité/profonde	0.30218207836151123	0.31906649470329285	0.28542226552963257	0.3233884572982788	0.25637349486351013	0.30231961607933044	0.2997720241546631	0.32119786739349365	0.2057041972875595	0.2771117687225342	0.30305150151252747	0.10101526230573654	0.34795844554901123	0.23162153363227844	0.3567512035369873	0.33488479256629944	0.2690112888813019	0.33655697107315063	0.3017721474170685	0.2705634832382202	0.520176112651825	0.41425657272338867	0.5796691179275513	0.42336606979370117	0.566741406917572	0.6269157528877258	0.5480963587760925	0.535507082939148	0.5364832282066345	0.5081827044487	0.46576303243637085	0.45594942569732666	0.219322070479393	0.5730443596839905	0.6625476479530334	0.6214643120765686	0.6774781942367554	0.7520053386688232	0.6226049065589905	1.0	